1376
0 105
0 107
0 113
0 131
0 149
0 167
0 185
0 203
0 221
0 224
0 227
0 23
0 239
0 242
0 41
0 5
0 59
0 77
0 92
0 95
2 102
2 105
2 107
2 108
2 109
2 110
2 112
2 115
2 116
2 117
2 129
2 131
2 133
2 135
2 138
2 140
2 173
2 175
2 180
2 183
2 186
2 192
2 195
2 197
2 200
2 210
2 212
2 225
2 226
2 228
2 230
2 231
2 239
2 242
2 32
2 34
2 67
2 70
2 71
2 73
2 74
2 75
2 77
2 79
2 80
2 81
2 90
2 92
2 93
2 94
2 96
2 99
5 103
5 106
5 11
5 113
5 126
5 130
5 135
5 139
5 145
5 151
5 159
5 16
5 167
5 179
5 181
5 193
5 196
5 215
5 218
5 22
5 220
5 229
5 236
5 240
5 246
5 249
5 253
5 26
5 7
5 78
5 86
5 91
5 97
8 131
8 155
8 161
8 169
8 8
9 114
9 131
9 137
9 142
9 155
9 161
9 169
9 19
9 194
9 22
9 26
9 83
10 102
10 105
10 112
10 129
10 132
10 134
10 137
10 142
10 155
10 161
10 169
10 180
10 185
10 192
10 194
10 199
10 20
10 228
10 239
10 24
10 77
10 83
10 90
10 96
11 102
11 105
11 112
11 118
11 129
11 131
11 134
11 137
11 142
11 155
11 162
11 170
11 177
11 180
11 185
11 192
11 194
11 199
11 206
11 214
11 217
11 228
11 239
11 244
11 247
11 28
11 5
11 65
11 77
11 83
11 90
11 96
12 123
12 142
12 155
12 233
12 83
15 103
15 106
15 11
15 113
15 126
15 130
15 133
15 135
15 145
15 151
15 16
15 181
15 193
15 21
15 215
15 218
15 220
15 229
15 236
15 240
15 25
15 78
15 86
15 91
15 97
16 186
16 200
17 108
17 109
17 110
17 173
17 175
17 183
17 225
17 226
17 231
17 242
17 67
17 71
17 74
17 75
17 80
17 81
17 93
17 94
17 99
18 143
18 145
18 147
18 149
18 151
18 153
18 156
18 157
18 159
18 160
18 161
18 164
18 165
18 167
18 168
18 169
18 84
18 86
18 87
18 88
25 101
25 104
25 105
25 109
25 110
25 113
25 114
25 115
25 120
25 122
25 127
25 134
25 136
25 138
25 139
25 140
25 142
25 143
25 144
25 146
25 169
25 171
25 187
25 189
25 197
25 198
25 199
25 202
25 203
25 207
25 208
25 211
25 212
25 213
25 218
25 220
25 222
25 224
25 225
25 226
25 227
25 230
25 246
25 25
25 27
25 48
25 50
25 51
25 53
25 54
25 57
25 58
25 61
25 63
25 66
25 68
25 70
25 72
25 74
25 90
25 92
25 94
25 97
25 99
26 107
26 205
28 101
28 11
28 131
28 137
28 145
28 149
28 15
28 153
28 158
28 164
28 177
28 183
28 189
28 19
28 192
28 196
28 224
28 251
28 30
28 33
28 35
28 42
28 46
28 50
28 54
28 58
28 62
28 66
28 69
28 7
28 73
28 75
28 80
28 88
28 90
28 92
28 94
28 96
31 142
31 150
31 51
31 76
31 82
31 97
32 12
32 142
32 146
32 15
32 180
32 187
32 19
32 222
32 39
32 42
32 46
32 48
32 51
32 54
32 58
32 60
32 67
32 76
32 82
32 97
33 100
33 13
33 136
33 142
33 146
33 17
33 180
33 187
33 222
33 40
33 44
33 48
33 52
33 56
33 60
33 67
33 72
33 74
33 76
33 82
33 89
33 98
34 100
34 126
34 130
34 136
34 142
34 146
34 165
34 175
34 180
34 187
34 190
34 21
34 222
34 236
34 249
34 29
34 32
34 48
34 5
34 51
34 60
34 67
34 72
34 74
34 76
34 83
34 89
34 97
35 146
35 161
35 180
35 76
35 8
38 101
38 11
38 131
38 137
38 14
38 145
38 149
38 153
38 158
38 164
38 18
38 183
38 30
38 33
38 35
38 41
38 45
38 53
38 57
38 73
38 75
38 90
38 92
38 94
38 96
38 99
40 104
40 110
40 113
40 120
40 122
40 134
40 139
40 140
40 198
40 199
40 202
40 208
40 211
40 218
40 220
40 226
40 227
40 230
41 108
41 114
41 127
41 147
41 148
41 181
41 183
41 184
41 185
41 206
41 212
41 246
41 77
41 78
41 80
41 82
41 86
41 87
48 106
48 107
48 111
48 112
48 115
48 116
48 117
48 122
48 124
48 127
48 158
48 168
48 173
48 178
48 195
48 196
48 200
48 201
48 205
48 206
48 211
48 220
48 221
48 225
48 226
48 229
48 230
48 231
48 236
48 238
48 248
48 250
48 36
48 38
48 49
48 56
48 70
48 72
48 75
48 76
48 89
48 90
48 92
48 93
48 94
48 97
48 98
49 109
49 198
49 223
51 102
51 11
51 127
51 131
51 146
51 15
51 150
51 156
51 162
51 164
51 168
51 172
51 174
51 178
51 181
51 183
51 188
51 190
51 193
51 20
51 243
51 26
51 30
51 41
51 44
51 46
51 50
51 62
51 68
51 7
51 71
51 75
51 77
54 12
55 23
55 26
55 30
55 69
56 126
56 167
56 173
56 177
56 213
56 24
56 28
56 49
56 69
56 76
57 100
57 126
57 129
57 134
57 145
57 161
57 163
57 167
57 170
57 173
57 177
57 180
57 187
57 192
57 244
57 32
57 40
57 43
57 49
57 5
57 69
57 76
57 78
58 147
58 240
58 59
58 8
61 11
61 127
61 146
61 15
61 150
61 156
61 162
61 164
61 168
61 174
61 178
61 181
61 183
61 188
61 190
61 193
61 20
61 243
61 25
61 29
61 41
61 44
61 46
61 50
61 62
61 68
61 77
63 106
63 112
63 115
63 122
63 124
63 158
63 195
63 201
63 211
63 220
63 226
63 229
63 236
63 238
63 90
63 93
63 94
63 97
64 110
64 116
64 199
64 205
64 224
64 230
64 56
71 102
71 103
71 107
71 108
71 112
71 113
71 118
71 131
71 139
71 141
71 16
71 174
71 175
71 179
71 180
71 183
71 184
71 185
71 190
71 192
71 195
71 196
71 200
71 201
71 204
71 205
71 206
71 211
71 213
71 216
71 217
71 221
71 222
71 225
71 226
71 227
71 232
71 239
71 61
71 65
71 9
71 97
71 98
71 99
72 105
72 177
72 198
72 219
72 258
74 100
74 127
74 147
74 153
74 157
74 163
74 167
74 171
74 21
74 24
74 252
74 28
74 6
74 65
74 70
74 75
74 81
74 85
74 88
74 90
74 93
74 95
77 128
77 67
77 97
78 164
78 167
78 171
78 78
78 81
78 85
78 97
79 120
79 165
79 169
79 234
79 238
79 64
79 79
79 83
79 97
80 126
80 135
80 19
80 22
80 238
80 5
80 59
80 64
80 87
80 92
80 97
81 144
81 154
81 249
84 100
84 127
84 147
84 153
84 157
84 163
84 166
84 170
84 252
84 6
84 65
84 70
84 75
84 80
84 84
84 88
84 90
84 93
84 95
86 102
86 108
86 118
86 174
86 180
86 183
86 190
86 192
86 195
86 201
86 204
86 211
86 213
86 216
86 222
86 225
86 232
86 61
86 9
87 106
87 112
87 16
87 178
87 184
87 199
87 205
87 220
87 226
88 258
89 258
90 258
94 109
94 110
94 114
94 115
94 118
94 119
94 120
94 125
94 127
94 130
94 131
94 135
94 136
94 139
94 140
94 141
94 146
94 148
94 153
94 161
94 163
94 165
94 173
94 175
94 197
94 198
94 208
94 209
94 211
94 22
94 223
94 224
94 225
94 226
94 6
94 77
94 78
94 82
94 83
94 87
94 88
94 93
95 112
95 133
95 212
95 80
97 102
97 104
97 106
97 157
97 159
97 162
97 165
97 169
97 171
97 175
97 251
97 27
97 30
97 34
97 39
97 44
97 48
97 50
97 56
97 64
97 68
97 73
100 36
100 65
101 163
101 173
101 242
102 161
102 163
102 173
102 95
103 101
103 103
103 12
103 152
103 156
103 161
103 163
103 170
103 173
103 176
103 242
103 249
103 25
103 28
103 47
104 166
104 52
107 102
107 104
107 106
107 157
107 159
107 162
107 169
107 171
107 39
107 44
107 48
107 50
107 68
107 73
109 109
109 115
109 118
109 125
109 127
109 130
109 136
109 139
109 146
109 148
109 197
109 223
109 225
109 6
109 77
109 83
109 93
110 113
110 119
110 134
110 140
110 153
110 196
110 207
110 213
110 22
110 226
110 81
110 87
117 103
117 105
117 108
117 109
117 113
117 114
117 117
117 118
117 119
117 124
117 126
117 129
117 13
117 130
117 131
117 132
117 134
117 135
117 150
117 154
117 156
117 157
117 159
117 160
117 164
117 168
117 170
117 171
117 175
117 177
117 178
117 179
117 18
117 181
117 183
117 184
117 186
117 188
117 190
117 191
117 193
117 197
117 202
117 203
117 207
117 208
117 211
117 212
117 213
117 218
117 220
117 239
117 250
117 31
117 33
117 39
117 41
117 45
117 47
117 48
117 49
117 6
117 65
117 66
117 74
117 75
117 87
117 88
117 92
117 93
117 96
117 97
117 98
118 111
118 205
118 90
120 141
120 149
120 153
120 156
120 159
120 163
120 167
120 170
120 174
120 176
120 185
120 187
120 19
120 193
120 21
120 224
120 228
120 232
120 236
120 24
120 26
120 47
120 55
120 63
120 70
120 80
120 84
123 137
123 143
123 181
123 188
123 194
124 137
124 143
124 150
124 154
124 157
124 160
124 164
124 168
124 171
124 181
124 188
124 191
124 229
124 232
124 236
124 45
124 77
124 80
124 84
125 137
125 143
125 150
125 154
125 157
125 160
125 164
125 168
125 171
125 175
125 18
125 182
125 184
125 186
125 189
125 191
125 230
125 234
125 238
125 45
125 78
125 82
126 137
126 144
126 150
126 154
126 157
126 160
126 164
126 168
126 171
126 175
126 18
126 181
126 184
126 186
126 188
126 191
126 20
126 222
126 23
126 238
126 35
126 45
126 68
127 137
127 150
127 160
127 164
127 171
127 225
127 51
130 153
130 163
130 167
130 174
130 176
130 183
130 185
130 187
130 19
130 190
130 21
130 228
130 231
130 235
130 24
130 26
130 79
130 83
132 103
132 105
132 108
132 114
132 117
132 124
132 126
132 129
132 130
132 131
132 132
132 135
132 178
132 179
132 202
132 208
132 211
132 218
132 220
132 250
132 31
132 33
132 49
132 6
132 65
132 74
132 87
132 93
132 96
133 112
133 118
133 13
133 138
133 139
133 141
133 143
133 147
133 148
133 151
133 152
133 161
133 162
133 165
133 166
133 172
133 173
133 206
133 212
133 91
133 97
140 100
140 110
140 111
140 113
140 125
140 126
140 127
140 128
140 13
140 15
140 152
140 153
140 157
140 158
140 161
140 162
140 163
140 168
140 170
140 172
140 174
140 176
140 177
140 178
140 179
140 181
140 182
140 184
140 199
140 200
140 202
140 203
140 204
140 205
140 208
140 218
140 249
140 258
140 26
140 37
140 39
140 41
140 43
140 45
140 47
140 48
140 50
140 51
140 54
140 55
140 59
140 60
140 64
140 65
140 70
140 99
141 114
141 155
141 258
141 57
143 173
143 18
143 180
143 185
143 188
143 191
143 195
143 21
143 23
143 42
143 45
143 8
146 174
146 177
147 144
147 174
147 177
147 43
148 172
148 175
148 177
148 184
148 207
148 216
148 25
148 41
148 43
148 72
149 144
149 17
149 172
149 174
149 177
149 184
149 186
149 189
149 20
149 207
149 216
149 239
149 25
149 41
149 43
149 78
149 9
150 5
153 173
153 176
153 18
153 180
153 185
153 21
153 23
153 42
153 8
155 125
155 127
155 152
155 158
155 161
155 168
155 170
155 182
155 199
155 200
155 203
155 204
155 205
155 37
155 39
155 47
155 51
155 54
155 60
155 70
155 99
156 109
156 115
156 128
156 156
156 162
156 249
156 58
156 64
156 98
159 107
159 122
159 137
159 152
159 167
159 17
159 176
159 182
159 197
159 199
159 2
159 212
159 227
159 242
159 250
159 32
159 47
159 62
159 77
159 92
