1973
2 10
2 12
2 14
2 15
2 18
2 31
2 32
2 33
2 35
2 36
2 37
2 39
2 41
2 42
2 44
2 52
2 54
2 56
2 57
2 59
2 60
2 62
2 68
2 70
2 75
2 77
5 11
5 14
5 16
5 22
5 25
5 29
5 41
5 44
5 46
5 48
5 53
5 56
5 59
5 62
5 64
5 70
5 8
9 12
9 39
9 42
9 54
9 57
9 60
9 68
10 10
10 12
10 15
10 39
10 42
10 52
10 54
10 57
10 60
10 68
11 10
11 12
11 15
11 20
11 23
11 39
11 42
11 45
11 52
11 54
11 57
11 60
11 63
11 68
11 71
12 5
15 11
15 16
15 46
15 48
15 53
15 64
15 8
16 0
17 0
17 18
17 32
17 33
17 36
17 37
18 0
19 0
25 10
25 15
25 23
25 26
25 28
25 32
25 36
25 39
25 45
25 49
25 51
25 52
25 54
25 55
25 57
25 59
25 63
25 65
25 67
25 68
25 70
25 76
28 11
28 14
28 18
28 20
28 27
28 31
28 35
28 37
28 42
28 48
28 51
28 54
28 56
28 59
28 62
28 64
28 67
28 70
28 8
31 38
32 15
32 28
32 32
32 38
32 45
32 49
32 52
32 57
32 65
32 68
33 10
33 15
33 26
33 28
33 32
33 36
33 38
33 45
33 49
33 52
33 55
33 57
33 63
33 65
33 68
34 10
34 12
34 15
34 19
34 26
34 28
34 32
34 36
34 38
34 45
34 49
34 52
34 55
34 57
34 60
34 63
34 65
34 68
35 15
35 28
35 32
35 38
35 45
35 5
36 0
37 0
38 11
38 18
38 20
38 27
38 31
38 35
38 37
38 48
38 56
38 64
38 8
40 23
41 16
41 17
41 29
41 30
41 33
41 34
41 40
41 41
41 46
41 47
41 76
48 10
48 15
48 21
48 26
48 31
48 35
48 37
48 39
48 43
48 44
48 45
48 51
48 6
48 63
48 65
48 68
48 76
48 78
51 13
51 16
51 20
51 24
51 29
51 34
51 36
51 39
51 42
51 48
51 58
51 65
51 71
54 0
54 25
54 30
54 54
54 60
55 0
55 10
55 21
55 25
55 30
55 37
55 54
55 60
55 63
55 68
56 10
56 15
56 21
56 25
56 30
56 35
56 37
56 54
56 60
56 63
56 68
57 10
57 15
57 21
57 25
57 30
57 35
57 37
57 40
57 47
57 54
57 61
57 63
57 68
57 72
58 10
58 17
58 21
58 25
58 30
58 54
58 68
61 13
61 16
61 20
61 24
61 36
61 48
61 71
63 44
63 45
63 51
63 6
64 11
64 12
64 22
64 23
64 27
64 28
64 32
64 33
64 55
64 56
64 58
64 59
64 60
64 69
64 70
71 10
71 26
71 31
71 32
71 33
71 35
71 42
71 44
71 45
71 47
71 48
71 52
71 54
71 55
71 57
71 59
71 60
71 62
71 63
71 65
71 74
71 76
72 0
73 0
74 11
74 17
74 25
74 29
74 36
74 40
74 44
74 47
74 49
74 54
74 56
74 59
74 62
74 65
74 69
74 8
78 26
78 42
78 45
78 52
78 57
78 60
78 63
79 10
79 26
79 35
79 42
79 45
79 48
79 52
79 55
79 57
79 60
79 63
80 10
80 26
80 35
80 42
80 45
80 48
80 52
80 55
80 57
80 60
80 63
80 70
81 13
81 26
81 37
81 5
81 66
84 11
84 29
84 36
84 40
84 49
84 56
84 69
84 8
86 32
86 33
87 27
87 28
90 0
91 0
94 10
94 13
94 15
94 17
94 21
94 25
94 26
94 27
94 36
94 52
94 54
94 59
94 61
94 63
94 65
94 66
94 68
94 69
97 11
97 16
97 20
97 24
97 30
97 32
97 39
97 50
97 54
97 65
97 68
97 7
97 70
97 74
97 78
101 17
101 21
101 36
101 52
101 63
101 66
101 71
101 74
101 78
102 10
102 15
102 17
102 21
102 36
102 52
102 63
102 66
102 69
102 72
102 76
103 10
103 15
103 17
103 21
103 29
103 36
103 44
103 49
103 5
103 52
103 55
103 63
103 66
103 69
104 17
104 21
104 36
107 11
107 16
107 20
107 24
107 30
107 32
107 39
107 50
107 70
107 73
107 77
108 0
109 0
109 13
109 26
109 27
110 18
110 19
110 22
110 23
110 37
110 38
117 10
117 27
117 32
117 36
117 43
117 49
117 65
117 67
117 68
117 70
120 13
120 16
120 19
120 23
120 35
120 37
120 47
120 55
120 60
120 64
120 67
120 70
120 72
120 75
120 77
120 8
123 24
123 31
123 52
124 10
124 31
124 65
124 68
125 10
125 31
125 36
125 65
125 68
126 0
126 10
126 14
126 17
126 31
126 36
126 46
126 63
126 65
126 68
126 71
126 74
127 0
127 10
127 31
127 5
130 13
130 37
130 47
130 55
130 60
130 64
130 72
130 75
130 77
130 8
132 49
133 11
133 12
133 33
133 34
133 43
140 13
140 15
140 49
140 63
140 68
143 66
143 72
143 75
143 79
143 8
144 0
145 0
147 63
148 63
149 47
149 52
149 63
149 70
149 73
149 9
150 5
150 63
153 66
153 8
155 49
155 68
156 64
156 65
162 0
163 0
163 41
163 77
166 48
166 56
166 59
166 6
166 61
166 67
166 8
169 63
169 69
170 63
170 69
171 63
171 69
172 39
172 5
172 57
172 60
172 63
172 70
173 44
173 63
176 6
176 61
176 8
178 41
179 64
179 65
179 67
179 68
179 69
179 77
180 0
181 0
186 10
186 15
186 21
186 26
186 32
186 39
186 55
186 6
186 63
186 65
186 70
186 77
189 11
189 13
189 18
189 22
189 25
189 27
189 29
189 35
189 37
189 40
189 44
189 46
189 48
189 50
189 61
189 65
189 67
192 52
193 15
193 63
194 10
194 15
194 21
194 26
194 39
194 63
195 10
195 12
195 15
195 21
195 23
195 26
195 28
195 34
195 39
195 45
195 47
195 59
195 63
195 66
196 15
196 41
198 0
199 0
199 11
199 13
199 18
199 22
199 27
199 29
199 35
199 37
199 40
199 44
199 46
199 48
199 50
199 67
201 32
201 6
201 70
202 16
202 17
202 77
209 10
209 20
209 22
209 27
209 29
209 30
209 32
209 33
209 35
209 36
209 37
209 38
209 44
209 62
209 64
209 65
209 75
209 77
212 11
212 14
212 18
212 22
212 25
212 29
212 32
212 35
212 41
212 48
212 50
212 55
212 61
212 63
212 70
212 8
216 0
216 20
216 27
216 30
216 33
217 0
217 10
217 20
217 27
217 30
217 33
217 62
218 10
218 12
218 20
218 23
218 27
218 30
218 33
218 40
218 47
218 62
218 71
219 5
219 52
219 67
222 11
222 41
222 48
222 50
222 55
222 61
222 63
222 70
222 8
224 37
224 38
224 44
224 65
232 10
232 12
232 13
232 15
232 17
232 21
232 26
232 28
232 33
232 34
232 35
232 37
232 38
232 39
232 42
232 57
232 59
232 60
232 64
232 66
232 75
232 77
234 0
235 0
235 12
235 22
235 24
235 28
235 32
235 43
235 46
235 50
235 54
235 59
235 63
235 66
235 7
235 70
238 13
239 10
239 13
239 26
239 47
239 50
239 54
239 57
239 60
239 64
240 10
240 14
240 21
240 26
240 42
240 48
240 52
240 57
240 60
240 64
241 10
241 13
241 21
241 23
241 26
241 42
241 44
241 5
241 57
241 60
241 64
241 71
242 29
242 60
242 67
245 15
245 22
245 24
245 32
245 43
245 49
245 53
245 63
245 70
247 17
247 34
247 35
247 38
247 39
248 61
248 62
252 0
253 0
255 10
255 12
255 15
255 17
255 19
255 27
255 29
255 30
255 32
255 33
255 35
255 36
255 38
255 43
255 50
255 54
255 56
255 57
255 59
255 60
255 62
255 63
255 65
255 67
255 76
255 78
258 12
258 16
258 19
258 22
258 26
258 29
258 32
258 35
258 38
258 40
258 56
258 59
258 62
258 64
258 67
258 7
258 71
262 10
262 17
262 27
262 30
262 33
262 36
262 54
262 57
262 60
262 65
263 10
263 15
263 17
263 27
263 30
263 33
263 36
263 54
263 57
263 60
263 63
263 65
264 10
264 15
264 17
264 20
264 27
264 30
264 33
264 36
264 39
264 5
264 54
264 57
264 60
264 63
264 65
264 72
265 23
265 68
268 16
268 26
268 40
268 64
268 71
270 0
270 43
271 0
271 50
278 10
278 12
278 14
278 43
278 44
278 45
278 47
278 49
278 53
278 54
278 55
278 57
278 59
278 61
278 63
278 65
278 68
278 70
278 71
278 72
281 11
281 14
281 20
281 25
281 42
281 49
281 52
281 59
281 65
281 7
281 77
284 17
285 12
285 47
285 57
285 63
285 70
286 10
286 12
286 47
286 57
286 63
287 10
287 12
287 28
287 47
287 5
287 50
287 57
287 63
287 69
288 0
288 39
288 74
289 0
291 11
291 20
291 25
291 42
291 72
291 77
293 44
293 45
293 54
293 55
293 61
301 10
301 12
301 14
301 19
301 52
301 53
301 54
301 57
301 58
301 60
301 62
301 63
301 65
301 74
301 76
304 11
304 14
304 16
304 24
304 28
304 43
304 47
304 51
304 62
304 65
304 69
304 7
306 0
307 0
308 12
308 21
308 24
308 28
308 40
308 43
308 47
308 60
308 63
309 10
309 12
309 22
309 26
309 41
309 45
309 60
309 63
310 10
310 12
310 15
310 34
310 49
310 5
310 60
310 63
310 70
311 66
314 11
314 16
314 23
314 27
314 42
314 46
314 69
316 19
316 53
316 54
316 58
324 0
324 10
324 12
324 14
324 16
324 23
324 26
324 37
324 39
324 42
324 44
324 46
324 47
324 49
324 51
324 52
324 54
325 0
327 11
327 14
327 27
327 30
327 34
327 39
327 43
327 46
327 48
327 51
327 54
327 58
327 7
327 74
327 78
331 12
331 37
331 44
331 49
331 52
332 10
332 12
332 26
332 37
332 42
332 44
332 47
332 49
332 52
333 10
333 12
333 26
333 28
333 33
333 37
333 42
333 44
333 47
333 49
333 5
333 52
333 61
333 72
334 55
337 11
337 27
337 34
337 43
337 48
337 58
339 16
340 23
342 0
342 84
343 0
347 10
347 12
347 14
347 20
347 26
347 31
347 34
347 36
347 37
347 39
347 45
347 47
347 49
347 50
347 52
347 53
347 54
347 63
347 65
347 66
347 68
347 69
347 71
347 76
347 78
350 11
350 14
350 29
350 36
350 38
350 40
350 42
350 46
350 51
350 60
350 65
350 68
350 7
350 71
353 25
353 47
354 12
354 25
354 34
354 47
354 63
354 66
354 69
355 10
355 12
355 25
355 34
355 37
355 39
355 45
355 48
355 50
355 63
355 66
355 69
356 10
356 12
356 25
356 34
356 37
356 39
356 41
356 45
356 47
356 5
356 50
356 58
356 63
356 66
356 69
356 72
357 25
360 0
360 11
360 38
360 40
360 42
360 46
360 49
360 51
360 84
361 0
362 31
362 53
362 54
363 20
363 27
363 28
370 10
370 12
370 14
370 26
370 28
370 33
370 35
370 36
370 37
370 39
370 41
370 63
370 65
370 66
370 70
373 11
373 14
373 17
373 20
373 24
373 27
373 31
373 41
373 56
373 62
373 65
373 69
373 71
373 73
373 76
373 78
373 8
377 12
377 28
377 39
377 63
377 66
378 0
378 10
378 12
378 26
378 28
378 39
378 63
378 66
378 70
378 84
379 0
379 10
379 12
379 15
379 18
379 26
379 28
379 39
379 42
379 63
379 66
379 70
379 72
379 75
380 28
380 5
380 53
380 66
383 11
383 27
383 31
383 56
383 62
383 69
383 71
383 73
383 76
383 78
383 8
385 33
385 36
385 37
386 29
386 30
386 67
386 68
393 10
393 12
393 14
393 20
393 36
393 41
393 43
393 44
393 46
393 47
393 49
393 57
393 59
393 60
393 62
393 63
393 65
393 74
393 76
396 0
396 11
396 14
396 25
396 28
396 32
396 43
396 46
396 49
396 54
396 59
396 62
396 65
396 69
396 8
396 84
400 12
400 41
400 44
400 47
400 57
400 60
400 63
401 10
401 12
401 41
401 44
401 47
401 57
401 60
401 63
402 10
402 12
402 23
402 26
402 35
402 41
402 44
402 47
402 52
402 57
402 60
402 63
402 70
403 5
403 66
406 11
406 69
406 8
409 20
409 36
414 0
414 84
415 0
416 11
416 13
416 19
416 21
416 23
416 24
416 25
416 31
416 33
416 44
416 46
416 48
416 49
416 51
416 52
416 54
416 56
416 57
416 59
416 61
416 63
416 65
416 67
416 68
419 16
419 30
419 33
419 36
419 41
419 45
419 48
419 51
419 53
419 56
419 59
419 64
419 67
419 69
419 7
419 71
419 74
419 76
423 23
423 31
423 46
423 49
423 54
423 57
423 65
424 31
424 44
424 46
424 49
424 52
424 54
424 57
424 63
424 65
424 68
425 15
425 22
425 31
425 34
425 39
425 44
425 46
425 49
425 5
425 52
425 54
425 57
425 63
425 65
425 68
425 70
425 73
426 27
429 16
429 25
429 30
429 45
429 53
429 64
429 69
429 71
429 74
429 76
431 11
431 13
431 19
431 61
432 0
432 84
433 0
439 10
439 12
439 13
439 14
439 21
439 23
439 24
439 25
439 28
439 31
439 33
439 37
439 49
439 53
439 55
439 63
439 65
439 66
439 67
439 73
439 75
442 18
442 43
442 47
442 52
442 55
442 57
442 59
442 78
442 8
445 31
446 12
446 23
446 31
446 40
446 43
446 47
446 49
446 53
446 65
447 32
447 41
447 45
447 49
447 53
448 11
448 16
448 22
448 31
448 36
448 49
448 53
448 56
448 64
448 69
448 77
449 49
449 5
450 0
450 84
451 0
452 14
452 25
452 33
452 42
452 46
452 52
452 57
452 59
452 67
452 78
452 8
454 28
455 37
455 50
455 51
462 10
462 12
462 13
462 14
462 23
462 25
462 26
462 27
462 29
462 31
462 32
462 33
462 39
462 45
462 47
462 48
462 50
462 52
462 53
462 54
462 55
462 57
462 59
462 64
462 66
462 68
462 70
462 71
462 72
465 18
465 22
465 36
465 43
465 47
465 49
465 52
465 59
465 77
465 8
468 0
468 84
469 0
469 12
469 25
469 31
469 45
469 50
469 57
469 70
470 45
470 48
470 50
470 57
471 11
471 16
471 24
471 30
471 35
471 41
471 45
471 48
471 50
471 57
471 60
471 69
472 5
472 74
475 14
475 27
475 33
475 36
475 49
475 72
475 77
475 8
477 39
477 54
477 55
485 10
485 12
485 13
485 14
485 17
485 21
485 23
485 24
485 25
485 31
485 33
485 34
485 35
485 39
485 41
485 42
485 43
485 47
485 49
485 50
485 51
485 57
485 59
485 63
485 65
485 66
485 67
485 69
485 71
485 72
485 73
486 0
486 84
487 0
488 28
488 7
488 78
492 12
492 23
492 33
492 41
492 49
492 65
492 71
494 11
494 22
494 27
494 32
494 40
494 48
494 5
494 53
494 64
494 70
495 75
498 14
498 25
498 28
498 35
498 43
498 51
498 67
498 73
498 78
500 17
504 0
504 84
508 10
508 12
508 13
508 14
508 17
508 21
508 23
508 24
508 25
508 31
508 33
508 34
508 35
508 37
508 39
508 40
508 41
508 48
508 50
508 51
508 52
508 63
508 65
508 66
508 67
508 74
511 28
511 46
511 56
511 60
511 7
511 79
515 12
515 23
515 33
515 39
515 50
515 65
517 11
517 22
517 27
517 32
517 38
517 49
517 5
517 54
517 64
517 77
518 43
521 14
521 25
521 28
521 35
521 41
521 46
521 52
521 67
522 0
522 84
523 17
524 74
531 10
531 12
531 13
531 14
531 21
531 23
531 24
531 25
531 30
531 32
531 33
531 34
531 42
531 44
531 45
531 46
531 48
531 50
531 51
531 52
531 54
531 56
531 57
531 58
531 6
531 60
531 62
531 63
531 64
531 67
534 17
534 19
534 28
534 39
534 71
534 74
534 78
538 12
538 23
538 32
538 44
538 50
538 56
538 62
540 0
540 11
540 16
540 22
540 27
540 31
540 43
540 49
540 55
540 61
540 69
540 72
540 84
541 36
544 14
544 17
544 19
544 25
544 28
544 34
544 39
544 46
544 52
544 58
544 64
546 6
546 67
554 10
554 12
554 13
554 14
554 21
554 23
554 24
554 25
554 30
554 32
554 33
554 34
554 36
554 38
554 39
554 40
554 43
554 46
554 48
554 49
554 50
554 52
554 54
554 55
554 56
554 63
554 65
554 66
554 67
554 73
554 75
557 17
557 29
557 59
557 6
557 61
557 78
557 8
558 0
558 84
561 12
561 23
561 32
561 38
561 48
561 54
561 65
563 11
563 16
563 22
563 27
563 31
563 37
563 47
563 5
563 53
563 58
563 64
563 69
563 77
567 14
567 17
567 25
567 34
567 40
567 50
567 56
567 59
567 6
567 61
567 67
567 78
567 8
569 43
579 10
579 13
579 15
579 17
579 19
579 21
579 23
579 25
579 27
579 29
579 3
579 31
579 33
579 35
579 37
579 39
579 41
579 43
579 45
579 47
579 49
579 51
579 53
579 55
579 57
579 59
579 61
579 63
579 65
579 67
579 69
579 71
579 73
579 75
579 77
579 79
579 81
