6880
0 103
0 118
0 133
0 141
0 142
0 148
0 163
0 178
0 193
0 195
0 208
0 223
0 231
0 238
0 250
0 253
0 268
0 270
0 274
0 278
0 282
0 283
0 286
0 290
0 294
0 298
0 302
0 306
0 313
0 328
0 340
0 343
0 43
0 58
0 73
0 88
2 101
2 104
2 105
2 107
2 108
2 131
2 132
2 142
2 143
2 145
2 157
2 158
2 159
2 160
2 184
2 185
2 186
2 197
2 215
2 22
2 225
2 227
2 233
2 24
2 255
2 26
2 27
2 273
2 282
2 284
2 287
2 29
2 294
2 296
2 299
2 30
2 306
2 310
2 312
2 32
2 327
2 329
2 33
2 332
2 338
2 35
2 36
2 38
2 39
2 41
2 42
2 44
2 45
2 48
2 49
2 52
2 53
2 56
2 62
2 64
2 65
2 67
2 68
2 75
2 76
2 79
2 81
2 82
2 85
2 94
3 146
5 12
5 16
5 193
5 252
5 317
5 319
5 322
5 324
5 336
5 347
5 350
5 352
5 72
5 79
5 8
5 85
5 87
5 89
5 91
9 12
9 16
9 176
9 183
9 9
10 10
10 14
10 195
10 214
10 231
10 253
10 272
10 286
10 298
10 337
10 78
10 84
11 110
11 176
11 18
11 187
11 192
11 195
11 214
11 221
11 231
11 250
11 253
11 272
11 286
11 298
11 318
11 321
11 334
11 337
11 346
11 349
11 47
11 70
11 78
11 84
11 88
12 314
12 5
15 11
15 15
15 193
15 317
15 319
15 322
15 324
15 347
15 350
15 352
15 79
15 8
15 85
15 87
15 89
15 91
16 215
16 287
16 299
17 105
17 108
17 131
17 157
17 159
17 27
17 282
17 284
17 294
17 296
17 30
17 306
17 310
17 312
17 327
17 329
17 33
17 332
17 36
17 39
17 42
17 45
17 48
17 49
17 53
17 58
17 63
17 68
17 76
17 82
17 94
18 101
18 130
18 141
18 147
18 160
18 51
18 57
18 64
25 0
25 100
25 101
25 102
25 107
25 114
25 115
25 119
25 120
25 123
25 124
25 125
25 130
25 137
25 138
25 142
25 143
25 146
25 147
25 148
25 153
25 155
25 158
25 159
25 16
25 163
25 164
25 167
25 168
25 169
25 174
25 18
25 194
25 202
25 217
25 22
25 235
25 24
25 240
25 248
25 26
25 266
25 268
25 275
25 28
25 282
25 289
25 296
25 30
25 305
25 31
25 312
25 323
25 33
25 34
25 35
25 351
25 353
25 36
25 38
25 42
25 43
25 46
25 47
25 50
25 56
25 58
25 59
25 62
25 63
25 66
25 67
25 70
25 76
25 78
25 79
25 81
25 82
25 84
25 85
25 87
25 88
25 91
25 92
25 96
25 97
26 117
26 140
26 161
26 94
28 11
28 23
28 230
28 232
28 27
28 271
28 337
28 341
28 345
28 7
32 21
32 338
32 341
32 345
33 199
33 21
33 214
33 239
33 246
33 274
33 281
33 288
33 295
33 304
33 311
33 320
33 339
33 343
34 109
34 12
34 132
34 176
34 184
34 199
34 21
34 214
34 229
34 239
34 246
34 270
34 274
34 281
34 288
34 295
34 304
34 311
34 320
34 335
34 347
34 41
34 5
34 61
35 8
38 11
38 230
38 232
38 271
38 340
38 344
39 240
39 275
39 282
39 289
39 305
40 100
40 107
40 114
40 120
40 123
40 130
40 137
40 143
40 146
40 153
40 155
40 158
40 164
40 167
40 174
40 235
40 266
40 268
40 31
40 42
40 43
40 47
40 52
40 57
40 62
40 63
40 67
40 72
40 77
40 82
40 85
40 88
40 91
40 97
41 101
41 118
41 124
41 141
41 147
41 162
41 168
41 194
41 34
41 35
41 36
41 38
41 45
41 51
41 58
41 65
41 71
41 78
41 95
48 101
48 102
48 105
48 111
48 113
48 114
48 116
48 117
48 120
48 121
48 124
48 125
48 128
48 134
48 136
48 137
48 139
48 140
48 143
48 144
48 148
48 149
48 152
48 153
48 154
48 159
48 16
48 165
48 168
48 175
48 179
48 181
48 182
48 185
48 196
48 20
48 203
48 21
48 212
48 219
48 236
48 238
48 24
48 241
48 25
48 250
48 257
48 264
48 271
48 273
48 28
48 281
48 286
48 287
48 288
48 295
48 299
48 303
48 307
48 313
48 315
48 317
48 319
48 336
48 34
48 352
48 36
48 37
48 60
48 61
48 62
48 63
48 67
48 73
48 78
48 79
48 9
48 92
48 94
48 97
48 98
49 146
49 68
51 166
51 182
51 187
51 190
51 192
51 227
51 231
51 272
51 278
51 284
51 295
51 297
51 299
51 301
51 303
51 305
51 314
51 328
51 331
51 333
51 359
51 6
51 83
51 87
52 359
53 359
54 179
54 315
54 359
55 179
55 182
55 270
55 275
55 285
55 315
55 359
56 165
56 180
56 184
56 195
56 202
56 211
56 218
56 240
56 249
56 256
56 263
56 270
56 275
56 294
56 298
56 302
56 306
56 313
56 316
56 318
57 119
57 161
57 165
57 179
57 186
57 189
57 19
57 195
57 202
57 211
57 218
57 225
57 232
57 240
57 249
57 256
57 263
57 270
57 275
57 289
57 294
57 298
57 302
57 306
57 313
57 315
57 318
57 327
57 330
57 342
57 39
57 5
57 81
57 88
57 96
58 228
58 275
58 84
61 166
61 181
61 185
61 187
61 190
61 192
61 231
61 278
61 284
61 295
61 297
61 299
61 301
61 303
61 305
61 314
61 317
61 328
61 331
61 333
61 6
61 87
62 196
62 212
62 219
62 250
62 257
62 264
62 307
63 102
63 107
63 112
63 117
63 120
63 121
63 125
63 130
63 135
63 140
63 143
63 149
63 152
63 159
63 168
63 20
63 21
63 25
63 30
63 336
63 35
63 60
63 62
63 69
63 73
63 79
63 9
63 97
63 98
64 100
64 106
64 113
64 123
64 129
64 136
64 147
64 153
64 16
64 175
64 23
64 276
64 277
64 279
64 280
64 282
64 283
64 29
64 352
64 36
64 59
64 61
64 70
64 74
71 117
71 118
71 119
71 120
71 124
71 130
71 136
71 137
71 140
71 141
71 144
71 150
71 152
71 153
71 161
71 165
71 167
71 174
71 175
71 177
71 179
71 182
71 184
71 185
71 190
71 203
71 210
71 212
71 213
71 215
71 217
71 22
71 223
71 236
71 24
71 243
71 261
71 263
71 270
71 272
71 273
71 276
71 277
71 28
71 281
71 282
71 283
71 284
71 29
71 294
71 297
71 299
71 300
71 301
71 302
71 304
71 306
71 309
71 316
71 318
71 32
71 320
71 322
71 324
71 326
71 328
71 33
71 330
71 333
71 340
71 36
71 42
71 44
71 45
71 48
71 49
71 52
71 53
71 56
71 62
71 64
71 65
71 68
71 69
71 72
71 73
71 76
71 82
71 84
71 85
71 87
71 88
71 91
72 125
74 12
74 158
74 16
74 164
74 167
74 169
74 171
74 185
74 210
74 256
74 266
74 273
74 277
74 290
74 294
74 296
74 305
74 307
74 317
74 321
74 325
74 329
74 345
74 348
74 352
74 8
74 95
77 182
77 270
77 297
78 12
78 155
78 16
78 165
78 182
78 185
78 270
78 273
78 277
78 297
78 315
78 9
79 10
79 14
79 155
79 165
79 183
79 187
79 202
79 209
79 220
79 235
79 242
79 271
79 275
79 293
79 298
79 304
79 306
79 308
79 315
80 135
80 155
80 165
80 168
80 179
80 18
80 182
80 187
80 202
80 209
80 217
80 220
80 235
80 242
80 257
80 265
80 27
80 270
80 293
80 297
80 304
80 306
80 308
80 315
80 343
80 346
80 47
80 67
80 93
80 96
81 155
81 253
81 287
81 5
84 11
84 15
84 158
84 164
84 169
84 171
84 184
84 210
84 256
84 266
84 272
84 276
84 290
84 294
84 296
84 299
84 305
84 307
84 8
85 203
85 236
85 309
86 117
86 119
86 126
86 130
86 136
86 137
86 141
86 146
86 151
86 175
86 176
86 177
86 213
86 214
86 215
86 28
86 29
86 301
86 302
86 33
86 333
86 38
86 43
86 48
86 49
86 53
86 58
86 63
86 68
86 69
86 73
86 78
86 83
86 88
86 91
87 116
87 118
87 127
87 131
87 139
87 145
87 152
87 156
87 157
87 159
87 160
87 162
87 163
87 179
87 217
87 281
87 283
87 284
87 31
87 340
87 37
87 44
87 51
87 57
87 64
87 71
87 77
87 84
94 100
94 103
94 109
94 111
94 112
94 115
94 116
94 119
94 120
94 123
94 129
94 13
94 131
94 132
94 134
94 135
94 137
94 138
94 140
94 141
94 142
94 145
94 15
94 151
94 160
94 165
94 167
94 170
94 173
94 174
94 175
94 176
94 178
94 185
94 187
94 189
94 191
94 194
94 197
94 202
94 204
94 208
94 212
94 214
94 216
94 223
94 224
94 225
94 231
94 234
94 236
94 241
94 254
94 259
94 26
94 261
94 27
94 283
94 285
94 287
94 289
94 290
94 292
94 293
94 296
94 30
94 302
94 31
94 313
94 315
94 320
94 322
94 324
94 325
94 328
94 329
94 332
94 34
94 348
94 40
94 42
94 43
94 45
94 46
94 49
94 50
94 53
94 54
94 57
94 63
94 65
94 66
94 69
94 70
94 73
94 74
94 77
94 83
94 85
94 86
94 88
94 92
94 95
94 96
94 99
97 146
97 149
97 151
97 153
97 157
97 163
97 165
97 167
97 18
97 182
97 187
97 189
97 191
97 195
97 197
97 201
97 204
97 208
97 21
97 210
97 212
97 214
97 219
97 222
97 228
97 23
97 235
97 254
97 256
97 259
97 261
97 263
97 267
97 273
97 279
97 284
97 286
97 289
97 292
97 294
97 305
97 308
97 312
97 314
97 318
97 320
97 325
97 329
97 353
97 8
97 89
97 93
100 322
101 154
101 185
101 202
101 216
101 233
101 270
101 287
101 290
101 302
101 315
101 322
101 325
101 329
102 145
102 150
102 154
102 164
102 185
102 188
102 194
102 196
102 202
102 207
102 211
102 216
102 233
102 238
102 253
102 258
102 270
102 283
102 285
102 287
102 290
102 293
102 295
102 302
102 313
102 315
102 319
102 323
102 327
102 88
102 92
103 114
103 145
103 147
103 150
103 154
103 164
103 17
103 181
103 185
103 188
103 194
103 196
103 199
103 20
103 202
103 207
103 211
103 216
103 220
103 227
103 233
103 238
103 25
103 253
103 258
103 270
103 283
103 285
103 287
103 290
103 293
103 295
103 302
103 306
103 313
103 315
103 319
103 322
103 338
103 351
103 48
103 68
103 88
103 9
103 92
103 94
104 154
104 216
104 264
104 270
104 302
104 315
104 5
107 146
107 151
107 153
107 157
107 163
107 165
107 167
107 18
107 182
107 189
107 191
107 195
107 197
107 208
107 21
107 210
107 212
107 214
107 219
107 228
107 23
107 254
107 256
107 259
107 261
107 263
107 267
107 273
107 279
107 284
107 286
107 294
107 305
107 314
107 318
107 320
107 324
107 328
107 8
107 89
107 93
108 296
109 100
109 105
109 110
109 115
109 116
109 120
109 125
109 130
109 135
109 138
109 141
109 142
109 170
109 224
109 225
109 231
109 26
109 27
109 31
109 332
109 36
109 41
109 46
109 49
109 50
109 54
109 59
109 64
109 69
109 70
109 74
109 79
109 84
109 95
109 96
110 104
110 111
110 118
110 124
110 131
110 155
110 156
110 158
110 159
110 161
110 162
110 174
110 175
110 176
110 178
110 217
110 218
110 271
110 273
110 275
110 277
110 279
110 281
110 29
110 303
110 304
110 316
110 317
110 348
110 35
110 42
110 52
110 58
110 65
110 72
110 78
110 85
110 98
117 101
117 102
117 105
117 107
117 110
117 111
117 114
117 115
117 118
117 124
117 126
117 127
117 130
117 131
117 134
117 135
117 138
117 144
117 146
117 147
117 149
117 152
117 155
117 169
117 171
117 173
117 175
117 189
117 19
117 191
117 193
117 195
117 199
117 201
117 22
117 223
117 225
117 228
117 244
117 248
117 25
117 259
117 26
117 265
117 267
117 269
117 28
117 289
117 29
117 290
117 293
117 294
117 295
117 298
117 309
117 310
117 311
117 314
117 319
117 326
117 33
117 330
117 331
117 334
117 335
117 338
117 339
117 34
117 38
117 39
117 42
117 43
117 46
117 47
117 50
117 56
117 58
117 59
117 62
117 63
117 66
117 67
117 70
117 76
117 78
117 79
117 81
117 82
117 84
117 85
117 94
117 96
117 98
117 99
120 10
120 105
120 107
120 13
120 15
120 150
120 152
120 162
120 167
120 170
120 174
120 178
120 183
120 19
120 190
120 194
120 201
120 206
120 214
120 22
120 229
120 234
120 24
120 242
120 247
120 251
120 255
120 272
120 277
120 285
120 301
120 304
120 308
120 317
120 323
120 329
120 344
120 346
120 349
120 351
120 8
120 89
123 202
123 208
123 216
123 230
123 236
123 243
123 265
123 268
123 273
123 279
123 286
123 297
123 313
124 159
124 168
124 180
124 188
124 199
124 202
124 208
124 216
124 230
124 236
124 243
124 248
124 265
124 268
124 273
124 279
124 297
124 313
124 326
125 104
125 149
125 151
125 159
125 168
125 18
125 180
125 188
125 199
125 202
125 208
125 21
125 216
125 228
125 230
125 236
125 243
125 248
125 258
125 266
125 268
125 273
125 279
125 297
125 313
125 326
126 104
126 109
126 12
126 129
126 149
126 151
126 159
126 166
126 168
126 177
126 18
126 180
126 188
126 199
126 202
126 209
126 21
126 217
126 219
126 228
126 230
126 237
126 243
126 248
126 258
126 265
126 268
126 273
126 280
126 297
126 302
126 313
126 321
126 326
126 345
126 348
126 41
126 61
126 87
126 9
126 90
127 159
127 180
127 202
127 230
127 243
127 248
127 252
127 268
127 273
127 286
127 297
127 313
127 326
127 341
127 5
130 10
130 105
130 107
130 13
130 15
130 150
130 152
130 162
130 167
130 178
130 183
130 19
130 22
130 229
130 24
130 251
130 255
130 267
130 329
130 344
130 346
130 349
130 351
130 8
131 259
132 102
132 110
132 111
132 115
132 120
132 125
132 130
132 131
132 135
132 140
132 145
132 155
132 26
132 29
132 294
132 295
132 310
132 311
132 319
132 331
132 334
132 335
132 338
132 339
132 34
132 39
132 42
132 43
132 47
132 52
132 57
132 62
132 63
132 67
132 72
132 77
132 82
132 85
132 99
133 113
133 119
133 126
133 133
133 139
133 146
133 160
133 161
133 163
133 164
133 181
133 183
133 184
133 185
133 203
133 204
133 206
133 207
133 208
133 211
133 212
133 214
133 215
133 216
133 231
133 232
133 234
133 236
133 240
133 241
133 245
133 246
133 249
133 250
133 270
133 271
133 274
133 275
133 277
133 278
133 279
133 282
133 283
133 284
133 299
133 300
133 315
133 316
133 327
133 328
133 45
133 51
133 58
133 65
133 71
133 78
140 111
140 112
140 115
140 116
140 119
140 120
140 123
140 129
140 131
140 132
140 134
140 135
140 136
140 137
140 139
140 142
140 143
140 149
140 15
140 151
140 16
140 162
140 175
140 177
140 180
140 182
140 183
140 19
140 191
140 193
140 194
140 196
140 197
140 199
140 20
140 209
140 213
140 216
140 218
140 219
140 225
140 228
140 23
140 246
140 248
140 251
140 256
140 258
140 265
140 266
140 267
140 268
140 270
140 272
140 273
140 277
140 278
140 279
140 280
140 282
140 289
140 29
140 291
140 295
140 297
140 301
140 305
140 307
140 309
140 31
140 313
140 315
140 316
140 318
140 319
140 32
140 321
140 322
140 324
140 325
140 327
140 329
140 330
140 331
140 332
140 339
140 341
140 343
140 55
140 56
140 57
140 58
140 62
140 68
140 74
140 77
140 79
140 86
140 95
140 96
140 97
140 98
141 63
143 104
143 11
143 110
143 154
143 157
143 159
143 175
143 177
143 183
143 188
143 193
143 196
143 199
143 204
143 212
143 214
143 218
143 220
143 223
143 225
143 227
143 231
143 236
143 244
143 247
143 251
143 253
143 261
143 272
143 276
143 296
143 300
143 304
143 307
143 312
143 315
143 318
143 324
143 326
143 337
143 340
143 346
143 349
143 353
143 7
143 74
143 77
143 79
143 91
146 180
146 200
146 206
146 232
146 238
146 308
146 319
146 327
146 341
147 180
147 183
147 191
147 194
147 197
147 200
147 206
147 209
147 216
147 228
147 232
147 238
147 245
147 258
147 270
147 273
147 297
147 301
147 305
147 308
147 313
147 316
147 319
147 322
147 327
147 341
148 174
148 181
148 191
148 194
148 197
148 200
148 206
148 209
148 213
148 216
148 219
148 224
148 228
148 232
148 238
148 245
148 258
148 270
148 273
148 295
148 297
148 301
148 305
148 308
148 313
148 316
148 320
148 322
148 325
148 328
148 339
148 342
148 73
148 76
149 101
149 114
149 14
149 145
149 153
149 156
149 168
149 174
149 180
149 191
149 194
149 197
149 200
149 207
149 209
149 213
149 216
149 219
149 221
149 224
149 228
149 232
149 239
149 245
149 252
149 258
149 270
149 273
149 285
149 295
149 297
149 301
149 305
149 308
149 313
149 316
149 319
149 322
149 325
149 327
149 339
149 34
149 341
149 344
149 347
149 5
149 73
149 76
149 89
150 101
150 185
150 200
150 209
150 228
150 232
150 258
150 273
150 297
150 301
150 308
150 334
153 104
153 110
153 154
153 157
153 159
153 175
153 177
153 182
153 188
153 212
153 214
153 220
153 225
153 227
153 231
153 253
153 261
153 276
153 296
153 300
153 304
153 321
153 326
153 329
153 337
153 340
153 343
153 74
153 77
153 79
155 112
155 115
155 116
155 120
155 125
155 130
155 143
155 15
155 16
155 162
155 20
155 25
155 256
155 265
155 266
155 267
155 268
155 30
155 331
155 332
155 55
155 57
155 64
155 68
156 103
156 109
156 118
156 124
156 131
156 135
156 136
156 137
156 139
156 18
156 201
156 202
156 204
156 205
156 206
156 210
156 211
156 229
156 230
156 233
156 234
156 236
156 237
156 238
156 24
156 241
156 242
156 243
156 259
156 260
156 274
156 275
156 278
156 279
156 280
156 282
156 298
156 299
156 302
156 303
156 31
156 310
156 311
156 54
156 56
156 65
156 69
156 86
156 95
156 97
156 98
163 10
163 102
163 103
163 106
163 112
163 114
163 115
163 118
163 119
163 122
163 123
163 126
163 132
163 134
163 135
163 137
163 138
163 14
163 140
163 141
163 144
163 148
163 150
163 151
163 152
163 167
163 171
163 173
163 181
163 183
163 186
163 189
163 191
163 193
163 195
163 20
163 206
163 212
163 215
163 216
163 217
163 219
163 221
163 222
163 223
163 224
163 226
163 228
163 229
163 231
163 233
163 236
163 240
163 242
163 243
163 246
163 253
163 255
163 258
163 260
163 263
163 264
163 266
163 267
163 269
163 270
163 274
163 276
163 278
163 280
163 282
163 284
163 291
163 297
163 299
163 301
163 302
163 306
163 311
163 313
163 315
163 317
163 319
163 323
163 326
163 328
163 329
163 330
163 336
163 338
163 342
163 36
163 38
163 39
163 42
163 48
163 50
163 51
163 54
163 55
163 58
163 59
163 62
163 68
163 70
163 71
163 73
163 75
163 76
163 79
163 92
163 94
163 98
163 99
166 144
166 146
166 15
166 158
166 166
166 168
166 17
166 172
166 178
166 182
166 186
166 188
166 191
166 193
166 195
166 199
166 206
166 221
166 228
166 230
166 233
166 239
166 242
166 244
166 249
166 252
166 255
166 259
166 263
166 269
166 273
166 276
166 279
166 284
166 288
166 292
166 295
166 298
166 301
166 305
166 309
166 314
166 316
166 319
166 323
166 325
166 327
166 343
166 347
166 351
166 74
166 79
166 83
166 87
169 154
169 160
169 202
169 208
169 245
169 264
170 170
170 180
170 189
170 202
170 208
170 219
170 226
170 231
170 236
170 240
170 245
170 253
170 257
170 264
170 267
170 270
170 274
170 277
170 282
170 299
170 302
170 306
170 31
170 317
170 344
170 347
170 351
171 14
171 143
171 167
171 170
171 180
171 185
171 189
171 192
171 202
171 208
171 219
171 226
171 229
171 231
171 236
171 240
171 243
171 245
171 253
171 257
171 265
171 267
171 270
171 274
171 277
171 282
171 291
171 297
171 299
171 302
171 306
171 313
171 315
171 317
171 322
171 326
171 342
171 345
171 349
171 73
171 78
172 117
172 14
172 143
172 16
172 167
172 170
172 180
172 185
172 189
172 192
172 197
172 202
172 209
172 219
172 226
172 229
172 231
172 236
172 240
172 243
172 245
172 250
172 253
172 257
172 26
172 264
172 267
172 270
172 274
172 277
172 282
172 291
172 293
172 297
172 299
172 302
172 306
172 31
172 313
172 315
172 317
172 322
172 326
172 332
172 342
172 53
172 73
172 78
172 81
172 88
172 97
173 154
173 175
173 202
173 236
173 245
173 270
173 285
173 302
173 306
173 84
176 144
176 146
176 15
176 168
176 17
176 178
176 186
176 188
176 193
176 195
176 230
176 239
176 244
176 266
176 273
176 288
176 292
176 298
176 305
176 309
176 314
176 316
176 323
176 325
176 327
176 343
176 346
176 350
176 74
176 79
176 87
178 103
178 108
178 113
178 118
178 119
178 123
178 128
178 133
178 138
178 141
178 148
178 151
178 152
178 20
178 212
178 216
178 223
178 224
178 311
178 329
178 330
178 36
178 39
178 45
178 49
178 54
178 55
178 59
178 64
178 69
178 76
178 98
178 99
179 10
179 101
179 107
179 114
179 121
179 127
179 134
179 158
179 165
179 203
179 204
179 206
179 208
179 217
179 237
179 238
179 247
179 248
179 271
179 272
179 303
179 304
179 307
179 308
179 37
179 46
179 50
179 57
179 63
179 70
186 126
186 127
186 128
186 129
186 133
186 139
186 145
186 146
186 149
186 150
186 153
186 159
186 161
186 162
186 164
186 165
186 180
186 182
186 204
186 205
186 215
186 216
186 218
186 230
186 231
186 232
186 233
186 257
186 258
186 262
186 263
186 266
186 267
186 268
186 27
186 273
186 275
186 278
186 28
186 280
186 283
186 285
186 287
186 289
186 295
186 297
186 301
186 303
186 305
186 306
186 308
186 310
186 320
186 322
186 324
186 328
186 330
186 331
186 333
186 335
186 337
186 34
186 350
186 352
186 36
186 38
186 45
186 48
186 51
186 62
186 65
186 68
186 78
186 84
186 97
186 98
186 99
187 134
187 219
187 260
187 35
187 46
187 63
187 79
189 14
189 169
189 173
189 177
189 18
189 182
189 23
189 279
189 283
189 287
189 293
189 297
189 299
189 302
189 305
189 307
189 310
189 315
189 322
189 327
189 330
189 333
189 336
189 341
189 345
189 8
192 15
192 311
192 317
192 323
193 180
193 249
193 26
193 277
193 285
193 295
193 303
193 308
193 311
193 317
193 320
193 323
193 328
193 331
193 334
193 96
194 180
194 277
194 282
194 285
194 295
194 301
194 303
194 306
194 308
194 311
194 317
194 320
194 323
194 328
194 331
194 334
194 81
195 100
195 105
195 144
195 167
195 180
195 183
195 249
195 277
195 282
195 285
195 291
195 295
195 298
195 301
195 303
195 306
195 308
195 311
195 318
195 320
195 323
195 328
195 331
195 334
195 339
195 346
195 81
196 174
196 311
196 323
196 342
196 5
199 14
199 177
199 18
199 23
199 27
199 283
199 299
199 302
199 307
199 345
199 46
199 63
199 8
199 80
201 126
201 128
201 135
201 139
201 145
201 146
201 150
201 155
201 160
201 165
201 204
201 230
201 232
201 257
201 263
201 266
201 273
201 275
201 289
201 36
201 48
201 65
202 125
202 127
202 136
202 140
202 148
202 154
202 161
202 203
202 214
202 220
202 233
202 261
202 267
202 312
202 313
202 315
202 316
202 317
202 325
202 326
202 54
202 71
209 100
209 101
209 104
209 110
209 112
209 113
209 116
209 117
209 120
209 121
209 124
209 130
209 132
209 133
209 136
209 137
209 140
209 141
209 144
209 150
209 152
209 153
209 156
209 157
209 160
209 161
209 164
209 170
209 172
209 173
209 185
209 186
209 190
209 191
209 194
209 195
209 196
209 201
209 203
209 206
209 207
209 211
209 212
209 215
209 216
209 217
209 222
209 224
209 227
209 228
209 232
209 233
209 236
209 237
209 238
209 243
209 245
209 248
209 249
209 25
209 253
209 254
209 257
209 258
209 259
209 264
209 266
209 268
209 269
209 270
209 272
209 273
209 274
209 277
209 278
209 279
209 282
209 292
209 294
209 295
209 30
209 306
209 31
209 322
209 326
209 328
209 329
209 33
209 331
209 333
209 341
209 343
209 351
209 353
209 36
209 40
209 44
209 47
209 54
209 56
209 59
209 71
209 73
209 78
209 9
209 96
209 97
210 188
210 209
210 230
210 251
210 72
212 177
212 181
212 275
212 280
212 290
212 294
212 296
212 298
212 301
212 303
212 328
212 331
212 343
212 346
212 6
212 93
215 272
216 272
216 29
216 292
216 326
216 329
216 341
217 272
217 281
217 292
217 295
217 326
217 329
217 332
217 341
217 75
218 115
218 135
218 15
218 155
218 175
218 272
218 281
218 288
218 292
218 295
218 297
218 300
218 312
218 326
218 329
218 332
218 341
218 344
218 347
218 5
218 71
218 75
218 95
219 90
222 275
222 280
222 296
222 298
222 30
222 301
222 303
222 43
222 55
222 6
222 72
222 93
223 282
224 101
224 106
224 111
224 116
224 117
224 121
224 126
224 131
224 136
224 137
224 141
224 146
224 151
224 156
224 157
224 161
224 166
224 171
224 185
224 191
224 194
224 201
224 203
224 206
224 212
224 215
224 222
224 224
224 227
224 233
224 236
224 243
224 245
224 248
224 254
224 257
224 264
224 266
224 269
224 270
224 306
224 33
224 44
224 56
224 73
224 9
224 96
224 97
225 105
225 112
225 119
225 125
225 132
225 139
225 145
225 152
225 159
225 165
225 172
225 189
225 195
225 210
225 216
225 231
225 237
225 25
225 252
225 258
225 322
225 62
225 99
232 116
232 117
232 120
232 121
232 124
232 130
232 132
232 133
232 135
232 136
232 138
232 139
232 142
232 143
232 144
232 151
232 152
232 155
232 161
232 169
232 171
232 174
232 176
232 177
232 185
232 191
232 193
232 198
232 199
232 203
232 204
232 210
232 211
232 215
232 216
232 219
232 220
232 221
232 226
232 228
232 230
232 232
232 234
232 235
232 238
232 239
232 243
232 244
232 247
232 248
232 249
232 25
232 254
232 256
232 259
232 261
232 264
232 266
232 269
232 276
232 283
232 285
232 286
232 289
232 295
232 297
232 298
232 31
232 313
232 315
232 317
232 331
232 337
232 338
232 340
232 343
232 350
232 43
232 48
232 64
232 66
232 71
232 9
232 94
232 95
232 96
233 213
233 241
235 105
235 110
235 150
235 159
235 162
235 166
235 169
235 171
235 177
235 182
235 186
235 208
235 231
235 236
235 265
235 269
235 273
235 277
235 304
235 312
235 314
235 316
235 318
235 321
235 324
235 328
235 341
235 44
235 6
235 86
235 90
238 102
238 174
238 232
238 300
238 306
239 160
239 174
239 177
239 232
239 263
239 278
239 300
239 306
239 83
239 86
239 90
239 93
240 168
240 175
240 185
240 230
240 233
240 235
240 263
240 276
240 28
240 300
240 306
240 313
240 315
240 317
240 330
240 340
240 43
240 45
240 68
240 84
240 88
241 115
241 143
241 15
241 157
241 160
241 165
241 168
241 174
241 180
241 185
241 187
241 207
241 230
241 232
241 235
241 263
241 276
241 278
241 28
241 300
241 307
241 313
241 315
241 317
241 319
241 322
241 330
241 340
241 43
241 45
241 5
241 60
241 68
241 97
242 147
242 270
242 300
245 105
245 110
245 150
245 166
245 169
245 171
245 176
245 186
245 208
245 231
245 234
245 236
245 273
245 277
245 314
245 316
245 318
245 341
245 44
245 6
245 85
245 89
246 331
247 116
247 117
247 121
247 126
247 131
247 136
247 139
247 152
247 155
247 198
247 199
247 203
247 204
247 210
247 216
247 219
247 226
247 228
247 238
247 244
247 247
247 254
247 256
247 259
247 261
247 283
247 286
247 292
247 296
247 338
247 343
247 9
248 119
248 125
248 132
248 144
248 214
248 220
248 242
248 248
248 25
248 284
248 293
248 297
248 301
248 302
248 304
248 305
248 306
248 309
248 310
248 311
248 350
255 101
255 103
255 104
255 110
255 114
255 124
255 126
255 129
255 131
255 133
255 138
255 16
255 160
255 17
255 176
255 178
255 180
255 185
255 186
255 190
255 191
255 195
255 196
255 199
255 200
255 201
255 206
255 208
255 211
255 212
255 216
255 217
255 220
255 221
255 222
255 227
255 229
255 231
255 234
255 235
255 239
255 24
255 240
255 243
255 244
255 245
255 250
255 252
255 254
255 256
255 257
255 259
255 261
255 262
255 264
255 265
255 266
255 27
255 278
255 28
255 280
255 288
255 295
255 300
255 303
255 304
255 307
255 308
255 31
255 314
255 316
255 32
255 326
255 327
255 329
255 330
255 334
255 335
255 337
255 338
255 340
255 341
255 343
255 344
255 347
255 348
255 35
255 36
255 39
255 45
255 47
255 48
255 51
255 52
255 55
255 56
255 59
255 65
255 67
255 68
255 71
255 72
255 75
255 76
255 79
255 85
255 87
255 88
255 90
255 98
256 193
256 214
256 237
258 104
258 111
258 115
258 12
258 120
258 124
258 126
258 129
258 131
258 133
258 14
258 152
258 156
258 174
258 177
258 183
258 232
258 257
258 261
258 263
258 267
258 272
258 285
258 299
258 301
258 319
258 322
258 324
258 353
258 7
258 9
258 91
258 93
258 95
261 101
261 108
261 254
261 264
261 268
261 274
262 101
262 104
262 108
262 111
262 115
262 175
262 180
262 254
262 257
262 259
262 264
262 268
262 274
263 102
263 109
263 113
263 123
263 128
263 135
263 157
263 175
263 180
263 231
263 255
263 259
263 262
263 264
263 268
263 274
263 287
263 300
263 90
264 101
264 11
264 123
264 128
264 135
264 150
264 157
264 172
264 175
264 180
264 231
264 254
264 259
264 262
264 264
264 268
264 275
264 287
264 297
264 30
264 300
264 310
264 318
264 321
264 5
264 50
264 70
264 8
264 90
264 92
264 94
265 117
265 180
265 268
265 282
265 350
265 359
266 359
267 0
267 359
268 103
268 110
268 114
268 12
268 120
268 124
268 126
268 129
268 131
268 133
268 14
268 183
268 232
268 256
268 263
268 267
268 285
268 301
268 319
268 322
268 324
268 353
268 359
268 9
268 91
268 93
268 95
269 288
269 359
270 17
270 185
270 186
270 190
270 196
270 199
270 206
270 208
270 211
270 217
270 220
270 227
270 229
270 234
270 240
270 243
270 250
270 252
270 278
270 28
270 280
270 295
270 303
270 304
270 307
270 308
270 31
270 32
270 327
270 330
270 335
270 338
270 341
270 344
270 348
270 359
270 36
270 41
270 46
270 51
270 52
270 56
270 61
270 66
270 71
270 72
270 76
270 81
270 86
270 98
271 0
271 181
271 182
271 194
271 200
271 215
271 221
271 238
271 24
271 244
271 269
271 270
271 272
271 273
271 274
271 34
271 359
271 40
271 47
271 54
271 60
271 67
271 74
271 80
271 87
272 359
273 359
274 359
278 105
278 107
278 108
278 111
278 112
278 115
278 116
278 119
278 12
278 125
278 127
278 128
278 13
278 139
278 141
278 143
278 145
278 146
278 148
278 149
278 151
278 153
278 154
278 156
278 157
278 159
278 16
278 160
278 162
278 163
278 165
278 167
278 169
278 17
278 170
278 174
278 175
278 176
278 180
278 182
278 187
278 189
278 191
278 192
278 193
278 199
278 20
278 204
278 210
278 211
278 215
278 216
278 219
278 220
278 221
278 226
278 228
278 234
278 236
278 245
278 247
278 249
278 257
278 26
278 260
278 262
278 265
278 266
278 269
278 28
278 280
278 282
278 288
278 29
278 290
278 292
278 297
278 298
278 301
278 302
278 305
278 306
278 308
278 310
278 313
278 32
278 323
278 33
278 351
278 353
278 36
278 37
278 40
278 46
278 48
278 49
278 6
278 72
278 73
278 74
278 75
278 79
278 85
278 91
278 92
278 95
278 96
278 99
279 213
279 80
281 10
281 131
281 134
281 136
281 139
281 141
281 145
281 149
281 156
281 159
281 161
281 170
281 194
281 200
281 205
281 232
281 235
281 241
281 246
281 249
281 253
281 258
281 261
281 293
281 309
281 311
281 342
281 346
284 146
284 151
284 167
284 180
284 191
284 197
285 143
285 146
285 149
285 151
285 154
285 157
285 167
285 170
285 180
285 191
285 197
285 233
285 238
285 247
285 250
285 259
286 138
286 143
286 147
286 152
286 154
286 157
286 160
286 168
286 181
286 191
286 233
286 238
286 245
286 247
286 250
286 257
286 259
286 268
286 292
286 308
286 310
286 312
286 321
287 11
287 110
287 130
287 133
287 138
287 143
287 146
287 151
287 154
287 157
287 160
287 167
287 180
287 183
287 191
287 230
287 233
287 238
287 245
287 247
287 250
287 257
287 259
287 268
287 284
287 292
287 308
287 31
287 310
287 312
287 321
287 340
287 347
287 51
287 8
287 90
288 238
288 250
288 343
291 131
291 134
291 136
291 139
291 141
291 148
291 153
291 161
291 169
291 182
291 194
291 200
291 205
291 241
291 246
291 253
291 258
291 293
291 309
291 311
291 346
293 101
293 106
293 111
293 112
293 116
293 12
293 121
293 126
293 13
293 163
293 165
293 17
293 174
293 175
293 176
293 210
293 216
293 219
293 22
293 226
293 228
293 265
293 266
293 27
293 280
293 282
293 297
293 298
293 301
293 302
293 305
293 306
293 32
293 33
293 37
293 42
293 47
293 6
293 72
293 74
293 81
293 85
293 91
293 92
293 96
294 100
294 107
294 114
294 120
294 127
294 15
294 21
294 214
294 220
294 239
294 240
294 242
294 243
294 251
294 252
294 254
294 255
294 28
294 35
294 41
294 48
294 71
294 73
294 82
294 86
294 94
301 101
301 102
301 104
301 105
301 107
301 108
301 11
301 117
301 118
301 121
301 123
301 129
301 130
301 141
301 143
301 147
301 149
301 151
301 153
301 155
301 159
301 161
301 162
301 164
301 166
301 169
301 171
301 174
301 176
301 181
301 183
301 188
301 189
301 190
301 191
301 194
301 196
301 210
301 211
301 215
301 216
301 219
301 22
301 220
301 221
301 226
301 228
301 230
301 233
301 235
301 240
301 252
301 254
301 255
301 257
301 258
301 260
301 263
301 267
301 268
301 269
301 271
301 273
301 274
301 277
301 278
301 281
301 282
301 289
301 291
301 294
301 295
301 298
301 299
301 302
301 309
301 324
301 342
301 349
301 38
301 41
301 42
301 45
301 46
301 49
301 50
301 53
301 59
301 61
301 62
301 65
301 66
301 69
301 70
301 73
301 79
301 81
301 82
301 85
301 86
301 89
301 9
301 90
301 93
301 99
302 213
304 112
304 116
304 124
304 126
304 135
304 138
304 14
304 142
304 144
304 147
304 149
304 152
304 155
304 158
304 161
304 164
304 17
304 170
304 176
304 19
304 194
304 196
304 201
304 205
304 231
304 233
304 235
304 240
304 245
304 251
304 258
304 261
304 266
304 273
304 275
304 287
304 290
304 317
304 321
304 354
307 252
307 255
307 262
308 153
308 159
308 162
308 168
308 174
308 198
308 201
308 205
308 252
308 255
308 258
308 262
308 271
308 288
309 123
309 141
309 143
309 146
309 151
309 153
309 159
309 162
309 168
309 174
309 193
309 199
309 203
309 230
309 232
309 239
309 253
309 256
309 260
309 262
309 271
309 274
309 288
309 301
309 308
309 322
310 110
310 123
310 125
310 13
310 137
310 141
310 143
310 146
310 151
310 153
310 156
310 159
310 16
310 162
310 168
310 174
310 177
310 193
310 230
310 232
310 239
310 252
310 255
310 260
310 262
310 271
310 274
310 28
310 288
310 301
310 308
310 315
310 322
310 352
310 44
310 5
310 64
310 84
311 113
311 132
311 242
311 262
311 284
314 116
314 124
314 126
314 135
314 138
314 14
314 142
314 144
314 147
314 149
314 152
314 17
314 19
314 194
314 196
314 200
314 204
314 231
314 233
314 235
314 240
314 245
314 251
314 254
314 257
314 261
314 275
314 287
315 302
315 309
316 100
316 105
316 108
316 118
316 121
316 129
316 130
316 166
316 188
316 189
316 190
316 191
316 210
316 216
316 219
316 22
316 226
316 228
316 268
316 277
316 278
316 281
316 282
316 294
316 295
316 298
316 299
316 342
316 42
316 45
316 46
316 50
316 55
316 60
316 65
316 66
316 70
316 75
316 80
316 85
316 86
316 90
316 95
317 101
317 214
317 220
317 264
317 265
317 269
317 349
317 38
317 48
317 54
317 61
317 68
317 74
317 81
317 88
317 94
324 108
324 109
324 119
324 120
324 122
324 134
324 135
324 136
324 137
324 161
324 168
324 18
324 182
324 184
324 188
324 19
324 191
324 192
324 193
324 200
324 201
324 204
324 205
324 208
324 214
324 216
324 217
324 22
324 220
324 221
324 224
324 225
324 228
324 23
324 234
324 236
324 237
324 240
324 242
324 248
324 250
324 252
324 254
324 256
324 259
324 26
324 260
324 261
324 264
324 266
324 269
324 27
324 270
324 274
324 279
324 280
324 283
324 284
324 287
324 293
324 295
324 296
324 299
324 30
324 300
324 303
324 304
324 307
324 313
324 315
324 316
324 319
324 320
324 323
324 324
324 327
324 328
324 331
324 332
324 351
324 353
324 36
324 38
324 39
324 41
324 42
324 44
324 45
324 48
324 49
324 52
324 53
324 56
324 62
324 64
324 65
324 68
324 69
324 72
324 73
324 76
324 82
324 84
324 85
325 123
327 10
327 13
327 15
327 173
327 176
327 180
327 184
327 186
327 189
327 198
327 241
327 246
327 249
327 252
327 255
327 265
327 275
327 337
327 341
327 345
327 8
331 153
331 182
331 239
331 250
331 253
331 263
331 273
331 338
331 341
331 345
332 182
332 188
332 239
332 248
332 250
332 253
332 263
332 339
332 343
333 12
333 153
333 171
333 174
333 182
333 185
333 188
333 199
333 21
333 219
333 239
333 244
333 248
333 250
333 253
333 263
333 273
333 278
333 298
333 347
333 47
333 67
333 87
333 9
334 195
334 334
334 5
337 10
337 13
337 15
337 186
337 189
337 198
337 249
337 337
337 340
337 344
337 8
339 108
339 134
339 136
339 161
339 19
339 191
339 192
339 193
339 200
339 201
339 205
339 210
339 215
339 22
339 220
339 221
339 225
339 23
339 230
339 235
339 259
339 260
339 261
339 269
339 27
339 270
339 279
339 280
339 284
339 289
339 294
339 299
339 300
339 304
339 309
339 314
339 319
339 32
339 320
339 323
339 324
339 327
339 328
339 331
339 332
339 37
339 42
339 45
339 48
339 49
339 53
339 58
339 63
339 68
339 69
339 73
339 78
339 83
340 107
340 118
340 124
340 137
340 168
340 203
340 209
340 216
340 223
340 229
340 236
340 25
340 282
340 288
340 295
340 302
340 308
340 31
340 315
340 38
340 51
340 57
340 64
340 71
340 77
340 84
347 102
347 103
347 104
347 109
347 111
347 114
347 115
347 119
347 120
347 123
347 124
347 125
347 130
347 132
347 135
347 136
347 140
347 141
347 144
347 145
347 146
347 15
347 151
347 153
347 156
347 157
347 161
347 162
347 165
347 166
347 167
347 172
347 174
347 178
347 180
347 183
347 184
347 187
347 188
347 191
347 197
347 199
347 200
347 223
347 224
347 225
347 226
347 230
347 236
347 242
347 243
347 246
347 247
347 250
347 256
347 258
347 259
347 265
347 267
347 28
347 29
347 291
347 292
347 293
347 294
347 298
347 304
347 310
347 311
347 314
347 315
347 318
347 32
347 324
347 326
347 327
347 33
347 330
347 331
347 36
347 42
347 44
347 45
347 48
347 49
347 52
347 53
347 56
347 62
347 64
347 65
347 68
347 69
347 72
347 73
347 76
347 82
347 84
347 85
347 93
347 94
347 98
347 99
348 117
348 138
348 159
348 231
348 299
348 96
350 11
350 178
350 181
350 336
350 341
350 347
350 351
350 7
350 88
350 91
353 333
354 344
354 347
354 351
355 12
355 177
355 180
355 345
355 349
356 12
356 177
356 180
356 182
356 202
356 241
356 261
356 27
356 270
356 309
356 47
356 5
356 67
356 87
356 89
360 178
360 181
360 336
360 341
360 346
360 350
360 88
362 102
362 109
362 111
362 114
362 120
362 123
362 130
362 132
362 135
362 141
362 144
362 151
362 153
362 156
362 162
362 165
362 172
362 174
362 183
362 184
362 188
362 193
362 198
362 223
362 225
362 232
362 236
362 242
362 243
362 247
362 252
362 257
362 28
362 29
362 291
362 293
362 300
362 304
362 310
362 311
362 315
362 320
362 325
362 33
362 330
362 331
362 38
362 43
362 48
362 49
362 53
362 58
362 63
362 68
362 69
362 73
362 78
362 83
362 93
362 99
363 103
363 118
363 124
363 139
363 145
363 160
363 166
363 186
363 192
363 199
363 222
363 224
363 233
363 237
363 245
363 251
363 258
363 290
363 292
363 301
363 305
363 31
363 313
363 319
363 326
363 37
363 44
363 51
363 57
363 64
363 71
363 77
363 84
363 97
370 102
370 103
370 106
370 109
370 110
370 114
370 115
370 119
370 120
370 123
370 124
370 125
370 130
370 132
370 135
370 136
370 140
370 141
370 144
370 145
370 146
370 151
370 153
370 156
370 157
370 165
370 171
370 172
370 176
370 20
370 200
370 203
370 206
370 207
370 210
370 211
370 214
370 215
370 218
370 224
370 226
370 227
370 230
370 231
370 240
370 242
370 255
370 258
370 259
370 262
370 263
370 266
370 267
370 270
370 276
370 278
370 279
370 282
370 283
370 286
370 287
370 290
370 296
370 298
370 299
370 30
370 302
370 303
370 306
370 307
370 31
370 310
370 316
370 318
370 319
370 322
370 324
370 34
370 350
370 352
370 36
370 37
370 39
370 45
370 50
370 51
370 53
370 54
370 58
370 59
370 61
370 66
370 67
370 70
370 72
370 73
370 78
370 79
370 84
370 85
370 91
371 117
371 138
373 100
373 12
373 162
373 165
373 169
373 176
373 178
373 18
373 181
373 185
373 190
373 198
373 20
373 200
373 235
373 24
373 245
373 248
373 250
373 253
373 256
373 28
373 329
373 334
373 34
373 340
373 344
373 40
373 42
373 49
373 62
373 65
373 76
373 8
373 83
373 88
373 95
376 326
377 337
377 340
377 344
378 164
378 175
378 19
378 199
378 255
378 33
378 338
378 342
378 39
378 61
379 164
379 167
379 175
379 179
379 19
379 199
379 209
379 22
379 233
379 236
379 244
379 247
379 252
379 255
379 261
379 281
379 301
379 33
379 346
379 39
379 41
379 47
379 61
379 63
379 75
379 81
379 87
379 93
379 98
380 159
380 182
380 186
380 5
380 9
383 12
383 162
383 165
383 176
383 178
383 18
383 185
383 20
383 200
383 245
383 248
383 250
383 253
383 256
383 329
383 334
383 339
383 34
383 343
383 40
383 42
383 62
383 76
383 8
383 88
385 102
385 103
385 106
385 109
385 110
385 114
385 120
385 123
385 130
385 132
385 135
385 141
385 144
385 151
385 153
385 156
385 157
385 171
385 172
385 203
385 206
385 207
385 210
385 211
385 215
385 220
385 225
385 230
385 231
385 258
385 259
385 262
385 263
385 267
385 272
385 277
385 282
385 283
385 287
385 292
385 297
385 302
385 303
385 307
385 31
385 312
385 317
385 322
385 324
385 37
385 45
385 51
385 54
385 59
385 67
385 70
385 73
385 79
385 85
385 91
386 118
386 124
386 139
386 145
386 213
386 219
386 226
386 265
386 271
386 278
386 285
386 291
386 298
386 305
386 311
386 318
393 100
393 104
393 105
393 108
393 109
393 113
393 114
393 118
393 119
393 124
393 133
393 134
393 137
393 138
393 141
393 147
393 149
393 150
393 153
393 154
393 157
393 158
393 161
393 167
393 169
393 170
393 173
393 175
393 183
393 184
393 187
393 188
393 191
393 197
393 199
393 200
393 203
393 204
393 207
393 208
393 211
393 217
393 219
393 220
393 223
393 224
393 227
393 228
393 231
393 237
393 239
393 240
393 243
393 244
393 25
393 252
393 255
393 259
393 26
393 261
393 275
393 276
393 279
393 280
393 283
393 284
393 287
393 29
393 293
393 295
393 296
393 299
393 30
393 300
393 303
393 304
393 307
393 313
393 315
393 316
393 319
393 320
393 323
393 324
393 327
393 33
393 333
393 335
393 336
393 339
393 341
393 351
393 353
393 39
393 41
393 42
393 44
393 45
393 48
393 49
393 52
393 53
393 56
393 62
393 64
393 65
393 68
393 69
393 72
393 73
393 76
393 82
393 84
393 85
393 87
393 88
393 90
393 93
394 111
396 11
396 15
396 173
396 175
396 178
396 180
396 21
396 248
396 250
396 253
396 260
396 268
396 272
396 346
396 7
396 91
400 258
400 265
400 268
400 272
401 126
401 172
401 252
401 258
401 266
401 270
401 90
402 132
402 152
402 172
402 177
402 182
402 202
402 222
402 24
402 246
402 249
402 252
402 258
402 278
402 298
402 318
402 347
402 47
402 5
402 67
402 90
403 12
403 343
403 8
406 11
406 15
406 173
406 175
406 178
406 180
406 21
406 250
406 253
406 267
406 271
406 346
406 91
408 104
408 105
408 108
408 114
408 124
408 133
408 134
408 138
408 143
408 148
408 153
408 154
408 158
408 163
408 168
408 183
408 184
408 188
408 193
408 198
408 203
408 204
408 208
408 213
408 218
408 223
408 224
408 228
408 233
408 238
408 243
408 244
408 25
408 255
408 26
408 275
408 276
408 279
408 280
408 284
408 289
408 294
408 299
408 30
408 300
408 304
408 309
408 314
408 319
408 320
408 324
408 329
408 334
408 339
408 341
408 35
408 40
408 45
408 48
408 49
408 53
408 58
408 63
408 68
408 69
408 73
408 78
408 83
408 88
408 93
409 100
409 112
409 118
409 136
409 142
409 149
409 156
409 162
409 169
409 186
409 192
409 199
409 206
409 212
409 219
409 226
409 232
409 239
409 28
409 282
409 288
409 295
409 302
409 308
409 315
409 322
409 328
409 335
409 34
409 41
409 51
409 57
409 64
409 71
409 77
409 84
416 106
416 107
416 110
416 111
416 114
416 120
416 122
416 123
416 146
416 147
416 148
416 149
416 153
416 159
416 165
416 166
416 169
416 170
416 173
416 179
416 181
416 182
416 185
416 21
416 214
416 215
416 216
416 217
416 22
416 221
416 227
416 233
416 234
416 237
416 238
416 241
416 247
416 249
416 25
416 250
416 253
416 254
416 257
416 258
416 26
416 261
416 267
416 269
416 270
416 273
416 280
416 29
416 304
416 305
416 306
416 307
416 311
416 317
416 323
416 324
416 327
416 328
416 331
416 337
416 339
416 340
416 343
416 345
416 35
416 37
416 38
416 6
416 61
416 62
416 63
416 64
416 68
416 74
416 80
416 81
416 84
416 85
416 88
416 94
416 96
416 97
417 154
417 222
417 312
417 69
419 10
419 100
419 102
419 13
419 17
419 185
419 189
419 191
419 348
419 351
419 353
424 184
425 105
425 11
425 125
425 164
425 184
425 187
425 190
425 193
425 20
425 232
425 252
425 283
425 322
425 347
425 350
425 40
425 79
425 8
425 99
429 100
429 102
429 185
429 191
429 348
429 351
429 353
431 106
431 107
431 111
431 116
431 121
431 146
431 148
431 155
431 159
431 165
431 166
431 170
431 175
431 180
431 21
431 214
431 216
431 22
431 223
431 227
431 233
431 234
431 238
431 243
431 248
431 253
431 254
431 258
431 26
431 263
431 268
431 273
431 304
431 306
431 31
431 313
431 317
431 323
431 324
431 328
431 333
431 338
431 343
431 345
431 36
431 6
431 61
431 63
431 70
431 74
431 80
431 81
431 85
431 90
431 95
432 109
432 115
432 122
432 145
432 147
432 156
432 160
432 168
432 174
432 181
432 213
432 215
432 224
432 228
432 236
432 24
432 242
432 249
432 256
432 262
432 269
432 280
432 30
432 303
432 305
432 314
432 318
432 326
432 332
432 339
432 37
432 60
432 62
432 71
432 75
432 83
432 89
432 96
439 106
439 110
439 111
439 114
439 115
439 118
439 119
439 122
439 128
439 130
439 131
439 134
439 135
439 138
439 139
439 142
439 148
439 150
439 151
439 154
439 155
439 158
439 159
439 168
439 170
439 181
439 193
439 194
439 197
439 198
439 201
439 202
439 205
439 206
439 209
439 215
439 217
439 218
439 221
439 222
439 225
439 226
439 229
439 235
439 237
439 238
439 241
439 242
439 245
439 246
439 249
439 25
439 252
439 253
439 27
439 270
439 273
439 274
439 277
439 278
439 281
439 287
439 289
439 290
439 293
439 294
439 297
439 298
439 30
439 301
439 307
439 309
439 31
439 310
439 313
439 314
439 317
439 318
439 321
439 327
439 329
439 330
439 333
439 338
439 34
439 340
439 36
439 37
439 40
439 41
439 44
439 45
439 48
439 54
439 56
439 57
439 60
439 61
439 64
439 65
439 68
439 74
439 76
439 77
439 79
439 80
439 98
439 99
442 11
442 15
442 163
442 173
442 176
442 178
442 19
442 257
442 261
442 263
442 266
442 268
442 271
442 345
442 347
442 350
442 352
442 7
442 84
442 88
442 90
442 93
442 95
446 12
446 15
446 19
447 13
447 17
447 270
448 113
448 133
448 161
448 164
448 172
448 175
448 187
448 200
448 21
448 220
448 255
448 262
448 265
448 270
448 272
448 292
448 312
448 346
448 349
448 39
448 5
448 59
448 82
448 89
448 92
449 258
449 342
449 8
449 85
452 11
452 14
452 173
452 176
452 178
452 18
452 261
452 263
452 266
452 268
452 271
452 345
452 347
452 350
452 352
452 88
452 90
452 93
452 95
454 110
454 111
454 114
454 115
454 119
454 124
454 129
454 134
454 135
454 139
454 144
454 149
454 154
454 155
454 158
454 159
454 181
454 193
454 194
454 197
454 198
454 201
454 202
454 206
454 211
454 216
454 221
454 222
454 226
454 231
454 236
454 241
454 242
454 245
454 246
454 249
454 252
454 253
454 273
454 274
454 278
454 283
454 288
454 293
454 294
454 298
454 303
454 308
454 31
454 313
454 314
454 318
454 323
454 328
454 333
454 338
454 34
454 340
454 37
454 40
454 41
454 45
454 50
454 55
454 60
454 61
454 65
454 70
454 75
454 80
454 98
454 99
455 106
455 117
455 123
455 130
455 137
455 143
455 150
455 204
455 210
455 217
455 224
455 230
455 237
455 276
455 282
455 289
455 296
455 302
455 309
455 316
455 322
455 329
455 43
455 49
455 56
455 63
455 69
455 76
462 102
462 103
462 107
462 109
462 113
462 12
462 124
462 131
462 132
462 135
462 136
462 139
462 140
462 143
462 149
462 151
462 152
462 155
462 156
462 162
462 168
462 183
462 184
462 187
462 188
462 19
462 191
462 197
462 199
462 200
462 203
462 204
462 207
462 208
462 211
462 217
462 219
462 22
462 220
462 223
462 224
462 227
462 228
462 231
462 237
462 239
462 240
462 243
462 245
462 248
462 25
462 250
462 252
462 255
462 257
462 259
462 268
462 270
462 272
462 273
462 278
462 279
462 28
462 282
462 283
462 286
462 292
462 294
462 295
462 298
462 299
462 302
462 303
462 306
462 31
462 312
462 314
462 315
462 318
462 319
462 323
462 325
462 328
462 330
462 333
462 335
462 338
462 34
462 340
462 350
462 352
462 37
462 46
462 47
462 50
462 51
462 54
462 55
462 58
462 6
462 64
462 66
462 67
462 69
462 72
462 75
462 82
462 86
462 91
462 99
465 10
465 100
465 107
465 110
465 113
465 115
465 118
465 12
465 122
465 15
465 159
465 19
465 22
465 25
465 253
465 256
465 260
465 263
465 28
465 31
465 34
465 345
465 37
465 41
465 45
465 70
465 72
465 86
465 89
465 91
465 94
465 96
469 254
470 106
470 109
470 11
470 112
470 123
470 165
470 18
470 21
470 24
470 252
470 254
470 259
470 27
470 30
470 33
470 36
470 69
470 71
470 85
470 90
470 99
471 106
471 109
471 11
471 112
471 116
471 123
471 134
471 14
471 158
471 165
471 18
471 182
471 202
471 21
471 222
471 24
471 252
471 254
471 259
471 261
471 264
471 27
471 277
471 297
471 30
471 33
471 346
471 36
471 39
471 49
471 69
471 71
471 8
471 85
471 88
471 90
471 93
471 99
472 119
472 342
472 42
475 100
475 107
475 110
475 113
475 115
475 12
475 122
475 15
475 159
475 19
475 22
475 25
475 253
475 260
475 28
475 31
475 34
475 345
475 37
475 45
475 70
475 72
475 86
475 89
475 91
475 94
475 96
476 124
477 102
477 103
477 131
477 132
477 135
477 136
477 140
477 145
477 150
477 155
477 156
477 162
477 183
477 184
477 188
477 193
477 198
477 203
477 204
477 208
477 213
477 218
477 223
477 224
477 228
477 233
477 238
477 243
477 245
477 248
477 250
477 273
477 278
477 279
477 283
477 288
477 293
477 298
477 299
477 303
477 308
477 313
477 318
477 319
477 323
477 325
477 328
477 330
477 333
477 335
477 338
477 340
477 47
477 50
477 51
477 55
477 6
477 60
477 65
477 75
478 138
478 144
478 151
478 186
478 192
478 199
478 206
478 212
478 219
478 226
478 232
478 239
478 281
478 287
478 294
478 301
478 307
478 314
478 53
478 59
478 66
478 82
485 101
485 102
485 105
485 106
485 108
485 109
485 111
485 112
485 114
485 116
485 118
485 119
485 12
485 120
485 122
485 123
485 124
485 125
485 127
485 128
485 129
485 130
485 132
485 135
485 138
485 140
485 143
485 145
485 146
485 149
485 15
485 150
485 152
485 153
485 155
485 156
485 158
485 160
485 162
485 163
485 164
485 166
485 167
485 168
485 169
485 171
485 172
485 173
485 174
485 183
485 184
485 187
485 188
485 191
485 197
485 199
485 20
485 200
485 203
485 204
485 207
485 208
485 211
485 217
485 219
485 220
485 222
485 225
485 228
485 233
485 246
485 251
485 253
485 257
485 259
485 262
485 27
485 271
485 273
485 276
485 278
485 28
485 281
485 283
485 285
485 286
485 291
485 292
485 295
485 296
485 299
485 305
485 307
485 308
485 311
485 313
485 316
485 318
485 32
485 320
485 324
485 326
485 330
485 35
485 351
485 353
485 36
485 40
485 43
485 46
485 48
485 51
485 53
485 54
485 57
485 58
485 6
485 60
485 61
485 63
485 64
485 66
485 68
485 70
485 71
485 72
485 74
485 75
485 76
485 77
485 79
485 80
485 81
485 82
485 85
485 87
485 91
485 94
485 96
485 99
488 10
488 12
488 133
488 15
488 179
488 20
488 223
488 225
488 228
488 25
488 250
488 252
488 254
488 257
488 259
488 263
488 266
488 32
488 321
488 40
488 85
488 88
492 134
492 42
492 90
493 11
493 132
493 14
493 19
493 222
493 224
493 227
493 230
493 251
493 253
493 256
493 262
493 31
493 320
493 328
493 39
493 84
493 87
494 11
494 132
494 14
494 182
494 19
494 202
494 222
494 224
494 227
494 230
494 248
494 251
494 253
494 256
494 262
494 264
494 267
494 290
494 31
494 320
494 328
494 347
494 39
494 8
494 84
494 87
495 176
495 22
498 101
498 110
498 12
498 120
498 133
498 139
498 145
498 15
498 154
498 164
498 179
498 20
498 223
498 225
498 228
498 25
498 252
498 254
498 257
498 259
498 263
498 32
498 321
498 40
498 47
498 53
498 62
498 72
498 85
498 88
498 95
500 120
500 123
500 124
500 126
500 127
500 128
500 135
500 141
500 164
500 167
500 168
500 170
500 171
500 172
500 183
500 184
500 188
500 193
500 198
500 203
500 204
500 208
500 213
500 218
500 246
500 27
500 276
500 278
500 28
500 281
500 283
500 286
500 291
500 292
500 296
500 301
500 306
500 311
500 313
500 316
500 318
500 324
500 326
500 35
500 36
500 43
500 49
500 6
500 72
500 75
500 76
500 78
500 79
500 80
500 91
500 97
501 102
501 108
501 109
501 121
501 122
501 129
501 140
501 142
501 143
501 146
501 152
501 153
501 165
501 166
501 173
501 186
501 192
501 199
501 206
501 212
501 219
501 294
501 300
501 307
501 48
501 50
501 51
501 54
501 60
501 61
501 73
501 74
501 81
501 96
501 98
501 99
508 101
508 103
508 106
508 108
508 111
508 113
508 116
508 119
508 12
508 123
508 130
508 132
508 135
508 154
508 156
508 160
508 163
508 165
508 168
508 17
508 170
508 171
508 174
508 175
508 177
508 179
508 180
508 181
508 183
508 185
508 188
508 189
508 192
508 194
508 197
508 199
508 20
508 201
508 206
508 219
508 221
508 224
508 226
508 23
508 231
508 248
508 262
508 264
508 267
508 270
508 274
508 276
508 279
508 28
508 281
508 283
508 287
508 289
508 292
508 294
508 297
508 300
508 301
508 306
508 31
508 310
508 312
508 320
508 34
508 342
508 37
508 43
508 46
508 47
508 51
508 52
508 57
508 59
508 72
508 74
508 77
508 79
508 82
508 89
508 93
508 95
508 98
511 111
511 114
511 119
511 12
511 124
511 128
511 136
511 140
511 144
511 148
511 17
511 186
511 197
511 20
511 200
511 202
511 23
511 253
511 256
511 260
511 263
511 265
511 271
511 28
511 280
511 282
511 284
511 298
511 305
511 307
511 31
511 310
511 313
511 317
511 34
511 347
511 350
511 354
511 37
511 41
511 43
511 63
511 67
511 8
511 82
511 93
511 96
511 98
515 141
515 144
515 148
515 159
516 11
516 110
516 113
516 118
516 123
516 135
516 142
516 146
516 16
516 185
516 19
516 196
516 199
516 201
516 203
516 22
516 228
516 262
516 264
516 27
516 270
516 279
516 281
516 283
516 297
516 30
516 306
516 309
516 312
516 318
516 33
516 36
516 42
516 81
516 92
516 95
516 97
517 11
517 110
517 113
517 118
517 123
517 135
517 150
517 16
517 182
517 185
517 19
517 196
517 199
517 201
517 203
517 22
517 228
517 251
517 254
517 262
517 264
517 27
517 270
517 279
517 281
517 283
517 297
517 30
517 303
517 306
517 309
517 312
517 318
517 33
517 345
517 348
517 36
517 39
517 42
517 61
517 68
517 81
517 92
517 95
517 97
518 125
518 137
518 314
518 5
518 64
521 111
521 114
521 119
521 12
521 124
521 128
521 136
521 140
521 143
521 147
521 164
521 17
521 170
521 178
521 186
521 197
521 20
521 200
521 202
521 23
521 263
521 265
521 271
521 28
521 280
521 282
521 284
521 298
521 307
521 31
521 310
521 313
521 317
521 34
521 37
521 43
521 67
521 8
521 82
521 93
521 96
521 98
523 101
523 103
523 106
523 108
523 116
523 130
523 132
523 160
523 166
523 188
523 189
523 192
523 194
523 219
523 221
523 224
523 226
523 267
523 274
523 276
523 287
523 289
523 292
523 294
523 300
523 301
523 46
523 47
523 51
523 52
523 57
523 59
523 77
523 79
524 165
524 167
524 168
524 171
524 177
524 179
524 180
524 181
524 182
524 248
524 342
524 89
539 10
539 100
539 103
539 106
539 11
539 110
539 114
539 118
539 12
539 122
539 126
539 13
539 130
539 134
539 138
539 142
539 146
539 150
539 154
539 158
539 162
539 166
539 17
539 170
539 174
539 178
539 180
539 182
539 184
539 186
539 190
539 194
539 198
539 202
539 206
539 21
539 210
539 214
539 218
539 22
539 222
539 226
539 230
539 234
539 238
539 242
539 246
539 25
539 250
539 254
539 258
539 26
539 262
539 266
539 270
539 274
539 278
539 28
539 282
539 286
539 29
539 290
539 294
539 298
539 3
539 30
539 302
539 306
539 31
539 310
539 314
539 318
539 32
539 33
539 34
539 35
539 36
539 37
539 38
539 39
539 40
539 41
539 42
539 44
539 45
539 49
539 5
539 53
539 55
539 57
539 61
539 65
539 69
539 7
539 73
539 77
539 8
539 81
539 85
539 89
539 9
539 91
539 92
539 93
539 97
