2217
0 101
0 104
0 116
0 127
0 14
0 150
0 31
0 48
0 59
0 65
0 82
0 84
0 99
2 10
2 105
2 106
2 116
2 117
2 119
2 131
2 132
2 133
2 134
2 16
2 18
2 21
2 29
2 33
2 35
2 36
2 38
2 42
2 44
2 48
2 52
2 54
2 55
2 57
2 58
2 60
2 61
2 63
2 64
2 66
2 68
2 69
2 70
2 74
2 76
3 120
5 11
5 14
5 159
5 163
5 17
5 24
5 28
5 32
5 35
5 37
5 41
5 43
5 45
5 51
5 57
5 60
5 63
5 65
5 68
5 75
5 79
5 8
5 83
8 47
8 52
9 15
9 150
9 21
9 29
9 33
9 38
9 47
9 52
9 55
9 58
9 61
9 66
9 76
10 10
10 15
10 21
10 29
10 33
10 36
10 38
10 42
10 44
10 47
10 53
10 55
10 58
10 61
10 64
10 66
10 74
10 76
11 10
11 12
11 15
11 150
11 157
11 21
11 29
11 33
11 36
11 38
11 42
11 44
11 47
11 52
11 55
11 58
11 61
11 64
11 66
11 74
11 76
11 84
12 21
12 25
12 29
12 38
12 47
12 5
12 76
12 80
15 11
15 24
15 28
15 32
15 37
15 41
15 43
15 45
15 54
15 65
15 75
15 79
15 8
15 83
17 105
17 131
17 133
17 70
18 104
18 115
18 121
18 134
18 22
18 23
18 30
18 31
18 39
18 40
18 49
18 50
18 77
18 78
25 12
25 126
25 127
25 133
25 134
25 14
25 140
25 141
25 15
25 16
25 160
25 162
25 18
25 20
25 21
25 26
25 30
25 32
25 40
25 44
25 45
25 46
25 48
25 52
25 54
25 56
25 58
25 6
25 62
25 64
25 66
25 67
25 71
25 73
25 74
25 76
25 77
25 79
25 81
25 82
25 86
25 87
25 90
25 91
25 92
25 97
25 99
26 84
28 10
28 102
28 146
28 150
28 154
28 20
28 24
28 29
28 32
28 34
28 36
28 43
28 51
28 53
28 56
28 61
28 63
28 66
28 70
28 73
28 76
31 25
31 57
31 77
32 14
32 147
32 150
32 154
32 18
32 21
32 25
32 30
32 40
32 48
32 54
32 57
32 64
32 67
32 71
32 74
32 77
33 148
33 152
33 18
33 21
33 25
33 30
33 40
33 48
33 52
33 54
33 57
33 62
33 64
33 67
33 71
33 74
33 78
34 101
34 105
34 13
34 144
34 156
34 18
34 21
34 25
34 30
34 33
34 40
34 48
34 52
34 54
34 57
34 62
34 64
34 67
34 71
34 74
34 77
34 8
35 21
35 25
35 40
35 48
35 57
35 67
38 102
38 149
38 153
38 16
38 24
38 34
38 36
38 43
38 51
38 53
38 63
38 70
38 79
40 126
40 134
40 140
40 45
40 46
40 6
40 81
40 87
40 90
40 97
40 99
41 125
41 133
41 141
41 22
41 23
41 27
41 28
41 41
41 42
41 49
41 50
41 59
41 60
41 68
41 69
41 85
41 91
48 101
48 104
48 105
48 109
48 110
48 113
48 114
48 115
48 12
48 120
48 122
48 14
48 158
48 16
48 160
48 17
48 21
48 22
48 25
48 29
48 30
48 32
48 34
48 35
48 37
48 39
48 41
48 45
48 47
48 48
48 49
48 50
48 52
48 56
48 58
48 60
48 61
48 62
48 65
48 71
48 73
48 75
48 76
48 78
48 79
48 80
48 83
48 84
48 88
48 89
48 9
48 92
48 93
48 94
48 99
49 107
49 86
51 127
51 13
51 133
51 137
51 142
51 148
51 152
51 16
51 20
51 28
51 34
51 37
51 41
51 44
51 47
51 55
51 57
51 6
51 60
51 68
51 72
51 75
51 78
54 134
54 24
54 64
55 14
55 145
55 148
55 152
55 17
55 24
55 32
55 35
55 39
55 45
55 52
55 58
55 64
55 73
55 76
56 12
56 14
56 146
56 150
56 17
56 24
56 32
56 35
56 39
56 45
56 52
56 56
56 58
56 64
56 71
56 73
56 76
57 12
57 14
57 154
57 17
57 24
57 32
57 35
57 39
57 42
57 45
57 5
57 52
57 56
57 58
57 64
57 71
57 73
57 76
58 124
58 17
58 24
58 52
58 64
61 127
61 13
61 133
61 137
61 142
61 147
61 151
61 20
61 55
61 57
61 6
61 72
63 101
63 104
63 110
63 113
63 120
63 122
63 22
63 30
63 49
63 50
63 62
63 80
63 83
63 89
63 9
63 92
63 99
64 108
64 114
64 18
64 19
64 26
64 27
64 53
64 54
64 66
64 67
64 87
64 93
71 107
71 108
71 118
71 119
71 121
71 133
71 134
71 135
71 136
71 14
71 16
71 17
71 21
71 22
71 23
71 25
71 27
71 28
71 30
71 51
71 53
71 62
71 65
71 67
71 82
71 84
72 122
74 11
74 162
74 20
74 27
74 30
74 35
74 43
74 49
74 51
74 53
74 56
74 59
74 65
74 67
74 7
74 72
74 78
74 83
77 14
77 31
77 37
78 14
78 152
78 17
78 25
78 28
78 31
78 37
78 81
79 15
79 17
79 25
79 28
79 31
79 37
79 40
79 50
79 64
79 69
79 81
80 14
80 152
80 17
80 25
80 28
80 31
80 38
80 5
80 50
80 55
80 58
80 64
80 69
80 81
80 86
81 159
81 17
81 31
81 40
81 69
81 8
84 11
84 16
84 162
84 20
84 43
84 49
84 51
84 53
84 56
84 59
84 65
84 67
84 72
84 78
85 133
86 107
86 135
86 22
86 23
86 62
87 106
87 117
87 123
87 136
87 18
87 19
87 32
87 33
87 35
87 36
87 37
87 41
87 44
87 47
87 70
87 71
87 73
87 76
87 77
94 101
94 124
94 125
94 126
94 127
94 13
94 131
94 137
94 15
94 159
94 16
94 161
94 18
94 19
94 21
94 23
94 24
94 28
94 29
94 30
94 32
94 36
94 38
94 40
94 48
94 50
94 53
94 55
94 62
94 64
94 83
94 84
94 88
94 89
94 92
94 93
94 94
94 99
95 132
95 86
97 11
97 145
97 149
97 15
97 153
97 20
97 23
97 27
97 35
97 38
97 44
97 48
97 50
97 53
97 55
97 58
97 60
97 62
97 64
97 69
97 7
97 72
97 76
97 80
100 16
101 13
101 146
101 149
101 153
101 16
101 21
101 24
101 32
101 36
101 73
101 76
101 80
102 13
102 147
102 151
102 17
102 19
102 21
102 24
102 32
102 36
102 47
102 52
102 61
102 74
102 78
103 103
103 13
103 155
103 16
103 19
103 21
103 24
103 32
103 36
103 42
103 47
103 5
103 52
103 57
103 59
103 61
103 68
103 71
104 142
104 24
104 32
107 145
107 148
107 152
107 18
107 20
107 27
107 35
107 48
107 50
107 53
107 55
107 58
107 60
107 62
107 64
107 69
107 72
107 75
107 79
109 101
109 124
109 126
109 133
109 137
109 29
109 30
109 40
109 83
109 89
109 92
109 99
110 123
110 125
110 134
110 138
110 25
110 26
110 33
110 34
110 87
110 93
117 100
117 102
117 103
117 111
117 113
117 116
117 117
117 121
117 122
117 125
117 126
117 127
117 132
117 14
117 16
117 160
117 162
117 18
117 20
117 21
117 23
117 24
117 26
117 28
117 30
117 32
117 39
117 43
117 50
117 54
117 59
117 69
117 71
117 74
117 76
117 90
117 91
117 94
118 119
120 107
120 11
120 111
120 113
120 142
120 146
120 15
120 150
120 154
120 17
120 23
120 25
120 27
120 30
120 36
120 40
120 44
120 47
120 50
120 55
120 60
120 66
120 69
120 7
120 71
120 74
120 76
120 79
120 82
123 18
123 37
123 52
124 147
124 150
124 154
124 18
124 21
124 28
124 37
124 40
124 44
124 52
124 83
125 110
125 134
125 14
125 148
125 152
125 16
125 19
125 21
125 24
125 26
125 28
125 38
125 42
125 49
125 68
125 73
126 105
126 110
126 14
126 140
126 156
126 16
126 18
126 21
126 24
126 26
126 28
126 34
126 46
126 49
126 5
126 65
126 68
126 73
126 78
126 81
126 83
127 143
130 111
130 113
130 146
130 149
130 15
130 153
130 17
130 20
130 25
130 27
130 39
130 43
130 47
130 50
130 55
130 60
130 66
130 69
130 71
130 74
130 76
130 79
130 82
132 101
132 116
132 122
132 125
132 132
132 32
132 91
132 97
133 102
133 120
133 126
133 89
133 98
140 10
140 100
140 103
140 104
140 105
140 110
140 112
140 115
140 117
140 12
140 145
140 15
140 16
140 161
140 17
140 20
140 21
140 24
140 25
140 36
140 46
140 48
140 53
140 58
140 59
140 6
140 63
140 64
140 67
140 68
140 69
140 74
140 76
140 89
140 91
140 94
140 95
140 99
141 61
141 97
143 116
143 12
143 122
143 128
143 131
143 135
143 137
143 140
143 142
143 30
143 34
143 44
143 46
143 48
143 51
143 54
143 81
143 87
143 89
143 91
144 0
144 168
147 10
147 114
147 52
148 10
148 114
148 119
148 35
148 45
148 78
148 88
149 10
149 114
149 129
149 136
149 139
149 151
149 33
149 35
149 42
149 45
149 50
149 52
149 78
149 88
150 119
150 132
150 27
150 78
153 122
153 128
153 135
153 137
153 140
153 142
153 30
153 34
153 46
153 48
153 51
153 81
153 87
153 89
153 91
154 36
155 100
155 103
155 110
155 112
155 145
155 16
155 17
155 20
155 24
155 58
155 6
155 64
155 67
155 74
155 76
155 94
156 104
156 120
156 123
156 126
156 161
156 62
156 68
156 79
156 80
156 82
156 85
156 86
156 98
163 10
163 101
163 103
163 104
163 105
163 120
163 121
163 138
163 139
163 141
163 142
163 160
163 162
163 22
163 23
163 27
163 28
163 31
163 32
163 33
163 38
163 40
163 52
163 58
163 6
163 65
163 66
163 69
163 74
163 82
163 87
163 88
163 92
163 99
164 122
164 25
166 101
166 108
166 11
166 128
166 13
166 136
166 146
166 150
166 154
166 16
166 18
166 45
166 51
166 53
166 55
166 59
166 64
166 82
166 99
169 124
169 130
169 84
170 147
170 150
170 154
170 57
171 0
171 10
171 148
171 152
171 168
171 52
171 73
171 81
171 91
171 98
172 10
172 107
172 109
172 12
172 144
172 15
172 156
172 52
172 54
172 57
172 62
172 73
172 81
172 91
172 98
173 124
173 42
173 84
176 101
176 108
176 11
176 13
176 149
176 153
176 16
176 18
176 45
176 51
176 53
176 55
176 82
176 99
177 74
177 92
178 104
178 105
178 138
178 142
178 22
178 28
178 31
178 38
178 40
178 6
178 66
178 69
179 119
179 122
179 128
179 135
179 26
179 32
186 10
186 101
186 103
186 104
186 107
186 109
186 122
186 123
186 127
186 128
186 131
186 132
186 133
186 138
186 147
186 15
186 151
186 16
186 20
186 21
186 24
186 25
186 26
186 31
186 33
186 49
186 51
186 54
186 56
186 58
186 61
186 64
186 65
186 69
186 70
186 73
186 74
186 75
186 80
186 82
186 91
186 92
186 95
187 125
187 18
187 67
189 107
189 109
189 114
189 120
189 152
189 155
189 157
189 160
189 162
189 39
189 47
189 49
189 51
189 54
189 56
189 59
189 61
193 84
194 106
194 140
194 151
194 48
194 53
194 58
194 60
195 106
195 111
195 151
195 153
195 156
195 159
195 48
195 53
195 58
195 60
195 84
196 111
196 35
198 0
198 168
199 107
199 109
199 114
199 120
199 152
199 157
199 160
199 162
199 49
199 51
199 54
199 56
199 59
199 61
201 102
201 122
201 128
201 131
201 138
201 147
201 15
201 21
201 24
201 31
201 33
201 64
201 70
201 73
201 80
201 82
201 92
201 98
202 10
202 103
202 113
202 119
202 126
202 132
202 19
202 25
202 68
202 74
202 90
202 99
209 100
209 101
209 11
209 110
209 111
209 113
209 114
209 121
209 122
209 126
209 127
209 130
209 131
209 132
209 137
209 139
209 142
209 147
209 152
209 153
209 159
209 161
209 18
209 22
209 23
209 27
209 28
209 31
209 32
209 33
209 38
209 40
209 43
209 44
209 48
209 49
209 52
209 53
209 54
209 59
209 61
209 64
209 68
209 74
209 76
209 80
209 82
209 85
209 87
210 102
210 124
210 25
210 46
212 106
212 119
212 146
212 148
212 150
212 6
212 64
212 69
212 8
212 80
212 82
212 85
212 87
215 0
215 168
217 147
217 63
217 68
217 79
217 84
218 104
218 144
218 147
218 149
218 155
218 5
218 63
218 68
218 70
218 79
218 84
218 89
219 116
222 119
222 148
222 150
222 6
222 64
222 69
222 8
222 80
222 82
222 85
222 87
224 11
224 110
224 114
224 121
224 127
224 130
224 137
224 139
224 142
224 153
224 22
224 28
224 31
224 38
224 40
224 43
224 49
224 52
224 59
224 61
225 102
225 125
225 131
225 18
225 26
225 32
225 47
225 53
225 99
232 100
232 101
232 103
232 105
232 107
232 108
232 110
232 112
232 114
232 115
232 117
232 12
232 120
232 122
232 123
232 124
232 127
232 128
232 129
232 13
232 133
232 135
232 137
232 139
232 14
232 141
232 143
232 146
232 147
232 149
232 15
232 153
232 155
232 16
232 18
232 19
232 20
232 22
232 24
232 25
232 27
232 28
232 30
232 31
232 33
232 34
232 35
232 36
232 38
232 43
232 44
232 48
232 49
232 52
232 53
232 54
232 59
232 61
232 69
232 70
232 74
232 75
232 78
232 79
232 80
232 85
232 87
232 89
232 91
232 92
232 94
232 96
232 97
232 99
233 46
233 72
235 104
235 107
235 109
235 11
235 111
235 114
235 117
235 121
235 134
235 138
235 142
235 146
235 149
235 159
235 163
235 24
235 27
235 32
235 39
235 66
235 7
235 93
235 96
235 98
238 28
238 89
239 105
239 112
239 115
239 132
239 147
239 22
239 25
239 28
239 89
239 94
240 103
240 105
240 108
240 110
240 112
240 115
240 120
240 132
240 147
240 22
240 25
240 29
240 31
240 38
240 90
240 92
240 94
240 97
241 103
241 105
241 108
241 110
241 112
241 115
241 120
241 132
241 147
241 157
241 168
241 22
241 25
241 28
241 31
241 38
241 5
241 89
241 92
241 94
241 97
242 160
242 63
242 8
245 104
245 109
245 11
245 111
245 121
245 163
245 30
245 32
245 39
245 66
245 91
245 93
245 98
247 100
247 101
247 123
247 124
247 128
247 129
247 13
247 14
247 15
247 153
247 155
247 16
247 19
247 20
247 34
247 35
247 36
247 43
247 49
247 52
247 59
247 61
247 69
247 75
247 78
247 85
247 87
248 47
248 53
248 73
248 79
255 101
255 103
255 104
255 105
255 107
255 109
255 111
255 112
255 113
255 115
255 120
255 122
255 123
255 125
255 126
255 128
255 13
255 130
255 133
255 135
255 139
255 140
255 141
255 143
255 144
255 146
255 159
255 161
255 18
255 20
255 21
255 25
255 27
255 31
255 32
255 33
255 35
255 37
255 38
255 43
255 44
255 48
255 49
255 52
255 53
255 54
255 59
255 6
255 61
255 67
255 69
255 80
255 91
255 92
255 93
255 94
255 95
255 97
256 46
258 102
258 108
258 110
258 116
258 119
258 122
258 127
258 130
258 134
258 136
258 147
258 150
258 154
258 20
258 24
258 26
258 30
258 41
258 72
258 75
258 77
261 123
261 35
262 120
262 123
262 128
262 18
262 21
262 27
262 35
262 38
263 101
263 107
263 109
263 115
263 120
263 124
263 126
263 128
263 133
263 135
263 146
263 18
263 21
263 25
263 27
263 36
263 38
263 79
264 101
264 107
264 109
264 115
264 117
264 120
264 123
264 126
264 128
264 133
264 135
264 146
264 148
264 155
264 18
264 21
264 25
264 27
264 35
264 38
264 63
264 71
264 74
264 79
264 97
265 151
265 21
265 27
265 38
268 102
268 108
268 110
268 116
268 125
268 127
268 134
268 136
268 147
268 154
268 24
268 26
268 30
268 37
268 41
268 72
268 75
268 77
270 104
270 105
270 112
270 113
270 140
270 141
270 144
270 32
270 33
270 43
270 49
270 52
270 59
270 6
270 61
271 13
271 22
271 23
271 28
271 29
271 39
271 40
271 47
271 53
271 91
271 92
271 94
271 95
278 100
278 102
278 104
278 105
278 107
278 108
278 11
278 110
278 112
278 113
278 115
278 116
278 117
278 119
278 121
278 123
278 124
278 126
278 135
278 137
278 141
278 143
278 144
278 145
278 147
278 149
278 150
278 151
278 23
278 25
278 26
278 27
278 28
278 29
278 31
278 32
278 33
278 36
278 37
278 39
278 42
278 43
278 47
278 48
278 51
278 52
278 53
278 58
278 6
278 60
278 63
278 64
278 68
278 69
278 72
278 73
278 74
278 79
278 81
278 86
278 96
278 97
278 98
279 45
279 66
281 101
281 104
281 109
281 11
281 112
281 114
281 118
281 120
281 123
281 126
281 13
281 130
281 142
281 148
281 15
281 155
281 158
281 162
281 18
281 20
281 34
281 40
284 105
284 115
284 23
284 31
285 102
285 105
285 110
285 115
285 121
285 124
285 23
285 31
286 10
286 100
286 102
286 106
286 108
286 110
286 113
286 115
286 119
286 121
286 124
286 141
286 147
286 24
286 31
286 39
286 85
287 10
287 100
287 102
287 105
287 108
287 110
287 113
287 115
287 119
287 121
287 124
287 131
287 14
287 141
287 147
287 153
287 156
287 17
287 23
287 31
287 39
287 85
288 127
291 101
291 107
291 109
291 11
291 114
291 118
291 120
291 13
291 130
291 142
291 148
291 15
291 18
291 20
291 25
291 34
291 40
293 144
293 145
293 150
293 151
293 27
293 28
293 29
293 36
293 42
293 48
293 51
293 58
293 6
293 60
293 63
293 69
293 72
293 79
293 81
293 97
293 98
294 46
294 52
294 67
294 73
301 105
301 107
301 108
301 109
301 11
301 111
301 115
301 117
301 129
301 131
301 133
301 134
301 135
301 137
301 139
301 141
301 143
301 144
301 146
301 148
301 152
301 154
301 160
301 18
301 21
301 22
301 24
301 28
301 29
301 31
301 60
301 62
301 65
301 66
301 70
301 71
301 74
301 75
301 76
301 81
301 83
301 86
301 88
301 91
301 94
301 96
302 68
304 101
304 103
304 106
304 112
304 117
304 120
304 124
304 138
304 140
304 143
304 145
304 147
304 151
304 154
304 25
304 32
304 35
304 39
304 44
304 50
304 54
304 6
304 8
304 87
304 96
304 98
307 36
308 115
308 141
308 148
308 152
308 47
308 50
308 54
308 85
308 94
309 105
309 111
309 115
309 137
309 139
309 141
309 144
309 146
309 148
309 152
309 24
309 31
309 48
309 52
309 85
309 94
310 100
310 105
310 111
310 115
310 118
310 125
310 137
310 139
310 141
310 144
310 146
310 148
310 152
310 24
310 31
310 33
310 5
310 56
310 85
310 94
310 97
311 121
311 148
314 101
314 103
314 106
314 112
314 124
314 138
314 140
314 145
314 147
314 151
314 25
314 32
314 39
314 44
314 49
314 53
314 6
314 8
314 98
316 108
316 109
316 11
316 134
316 135
316 22
316 29
316 65
316 71
316 74
316 81
316 83
316 91
317 149
317 150
317 160
317 18
317 69
317 75
324 101
324 104
324 11
324 111
324 114
324 121
324 131
324 137
324 141
324 147
324 151
324 161
324 21
324 31
324 41
324 51
324 61
324 71
324 81
324 84
324 91
324 94
